translate
       1 Scer,
       2 Spar,
       3 Smik,
       4 Skud,
       5 Sbay,
       6 Scas,
       7 Sklu,
       8 Calb;
(1,(2,(3,((4,(6,(7,8))),5)))); 13961
(1,(2,(3,(4,(5,(6,(7,8))))))); 12706
(1,(2,((3,(6,(7,8))),(4,5)))); 5465
(1,(2,(3,((4,5),(6,(7,8)))))); 4255
(1,(2,((3,(4,5)),(6,(7,8))))); 3203
(1,((2,(3,(4,5))),(6,(7,8)))); 2529
(1,(2,((3,5),(4,(6,(7,8)))))); 1539
(1,(2,(3,((4,((6,8),7)),5)))); 1173
(1,((2,(6,(7,8))),(3,(4,5)))); 1092
(1,(2,(3,(4,(5,((6,8),7)))))); 914
(1,(2,((3,((6,8),7)),(4,5)))); 484
(1,(2,(((3,5),4),(6,(7,8))))); 383
(1,(2,(3,((4,5),((6,8),7))))); 373
(1,(2,((3,(4,5)),((6,8),7)))); 305
(1,((2,((3,5),4)),(6,(7,8)))); 206
(1,((2,(3,(4,5))),((6,8),7))); 185
(1,(2,(3,((4,((6,7),8)),5)))); 150
(1,(2,((3,(5,(6,(7,8)))),4))); 130
(1,(2,((3,5),(4,((6,8),7))))); 130
(1,((2,(6,(7,8))),((3,5),4))); 113
(1,((2,((6,8),7)),(3,(4,5)))); 110
(1,(2,(3,(4,(5,((6,7),8)))))); 108
(1,(2,(((3,(6,(7,8))),5),4))); 90
(1,(2,((3,((6,7),8)),(4,5)))); 69
(1,(2,(3,((4,5),((6,7),8))))); 41
(1,(2,(((3,5),(6,(7,8))),4))); 35
(1,(2,((3,4),(5,(6,(7,8)))))); 32
(1,(2,((3,(4,5)),((6,7),8)))); 30
(1,((2,(3,(4,5))),((6,7),8))); 24
(1,(2,(((3,5),4),((6,8),7)))); 24
(1,((2,((3,5),4)),((6,8),7))); 18
(1,((2,((6,7),8)),(3,(4,5)))); 18
(1,(2,((3,(4,(6,(7,8)))),5))); 13
(1,(2,(((3,(6,(7,8))),4),5))); 11
(1,((2,((6,8),7)),((3,5),4))); 10
(1,(2,((3,5),(4,((6,7),8))))); 10
(1,(2,(((3,4),5),(6,(7,8))))); 9
(1,(2,(3,((4,(6,7)),(5,8))))); 5
(1,((2,((3,4),5)),(6,(7,8)))); 4
(1,((2,(6,(7,8))),((3,4),5))); 4
(1,(2,((3,(5,((6,8),7))),4))); 4
(1,(2,(((3,((6,8),7)),5),4))); 3
(1,(2,(((3,5),((6,8),7)),4))); 3
(1,(2,((3,4),(5,((6,8),7))))); 3
(1,(2,(3,(4,((5,8),(6,7)))))); 3
(1,(((2,(6,7)),8),(3,(4,5)))); 2
(1,((2,((3,5),4)),((6,7),8))); 2
(1,((2,8),(3,(4,(5,(6,7)))))); 2
(1,(2,(((3,8),(4,5)),(6,7)))); 2
(1,(2,((3,8),((4,(6,7)),5)))); 2
(1,(2,((3,8),(4,(5,(6,7)))))); 2
(1,((2,(3,(4,(5,(6,7))))),8)); 1
(1,((2,(6,7)),(3,((4,8),5)))); 1
(1,((2,8),(3,((4,(6,7)),5)))); 1
(1,((2,8),(3,((4,5),(6,7))))); 1
(1,(2,(((3,(5,8)),4),(6,7)))); 1
(1,(2,(((3,5),4),((6,7),8)))); 1
(1,(2,((3,((4,(6,7)),5)),8))); 1
(1,(2,((3,(4,((6,8),7))),5))); 1
(1,(2,((3,(6,7)),((4,5),8)))); 1
(1,(2,((3,4),(5,((6,7),8))))); 1
(1,(2,(3,(((4,(6,7)),8),5)))); 1
