translate
       1 Scer,
       2 Spar,
       3 Smik,
       4 Skud,
       5 Sbay,
       6 Scas,
       7 Sklu,
       8 Calb;
(1,((2,(6,(7,8))),(3,(4,5)))); 25279
(1,(2,(3,((4,5),(6,(7,8)))))); 16844
(1,(2,(3,(4,(5,(6,(7,8))))))); 6414
(1,(2,((3,(4,5)),(6,(7,8))))); 641
(1,(2,(3,((4,(6,(7,8))),5)))); 294
(1,((2,(3,(4,5))),(6,(7,8)))); 247
(1,((2,((6,8),7)),(3,(4,5)))); 90
(1,(2,(3,(4,(5,((6,8),7)))))); 45
(1,((2,((6,7),8)),(3,(4,5)))); 44
(1,(2,(3,((4,5),((6,8),7))))); 44
(1,(2,(3,((4,5),((6,7),8))))); 24
(1,(2,((3,(6,(7,8))),(4,5)))); 14
(1,(2,(3,(4,(5,((6,7),8)))))); 12
(1,(2,(3,((4,((6,8),7)),5)))); 6
(1,((2,(3,(4,5))),((6,8),7))); 1
(1,(2,(3,((4,((6,7),8)),5)))); 1
