translate
       1 Scer,
       2 Spar,
       3 Smik,
       4 Skud,
       5 Sbay,
       6 Scas,
       7 Sklu,
       8 Calb;
(1,(2,(3,((4,(6,(7,8))),5)))); 32806
(1,(2,(3,(4,(5,(6,(7,8))))))); 6940
(1,(2,((3,(4,5)),(6,(7,8))))); 3922
(1,(2,((3,5),(4,(6,(7,8)))))); 1778
(1,(2,((3,(4,(6,(7,8)))),5))); 1399
(1,((2,(3,(4,5))),(6,(7,8)))); 864
(1,(2,((3,(5,(6,(7,8)))),4))); 667
(1,(2,((3,4),(5,(6,(7,8)))))); 352
(1,(2,(((3,5),4),(6,(7,8))))); 310
(1,(2,(((3,4),5),(6,(7,8))))); 283
(1,(2,(3,((4,5),(6,(7,8)))))); 267
(1,(2,((3,(6,(7,8))),(4,5)))); 171
(1,((2,((3,5),4)),(6,(7,8)))); 69
(1,(2,(3,((4,((6,8),7)),5)))); 43
(1,(2,(((3,(6,(7,8))),5),4))); 34
(1,((2,((3,4),5)),(6,(7,8)))); 32
(1,(2,(((3,(6,(7,8))),4),5))); 13
(1,(2,(3,((4,((6,7),8)),5)))); 11
(1,(2,(3,(4,(5,((6,8),7)))))); 8
(1,(2,((3,(4,5)),((6,8),7)))); 7
(1,(2,(((3,5),(6,(7,8))),4))); 6
(1,(2,(3,(4,(5,((6,7),8)))))); 5
(1,(2,(((3,4),(6,(7,8))),5))); 3
(1,((2,(3,(4,5))),((6,8),7))); 2
(1,(2,(((3,5),4),((6,7),8)))); 2
(1,(2,(3,(4,((5,8),(6,7)))))); 2
(1,(2,((3,((6,8),7)),(4,5)))); 1
(1,(2,((3,(4,((6,8),7))),5))); 1
(1,(2,((3,(5,((6,8),7))),4))); 1
(1,(2,(3,((4,(6,7)),(5,8))))); 1
