translate
       1 Scer,
       2 Spar,
       3 Smik,
       4 Skud,
       5 Sbay,
       6 Scas,
       7 Sklu,
       8 Calb;
(1,(2,(3,((4,(6,(7,8))),5)))); 23339
(1,(2,(3,(4,(5,(6,(7,8))))))); 12065
(1,(2,(3,((4,((6,8),7)),5)))); 4721
(1,(2,(3,((4,((6,7),8)),5)))); 4304
(1,(2,(3,(4,(5,((6,7),8)))))); 2098
(1,(2,(3,(4,(5,((6,8),7)))))); 1754
(1,(2,(3,((4,5),(6,(7,8)))))); 1122
(1,(2,(3,((4,5),((6,7),8))))); 233
(1,(2,(3,((4,5),((6,8),7))))); 197
(1,(2,((3,(4,(6,(7,8)))),5))); 63
(1,(2,((3,(6,(7,8))),(4,5)))); 43
(1,(2,((3,(4,((6,7),8))),5))); 11
(1,(2,((3,(4,((6,8),7))),5))); 11
(1,(2,((3,((6,7),8)),(4,5)))); 8
(1,(2,((3,4),(5,(6,(7,8)))))); 5
(1,(2,((3,((6,8),7)),(4,5)))); 4
(1,(2,((3,(4,5)),((6,7),8)))); 4
(1,(2,((3,(4,5)),(6,(7,8))))); 4
(1,((2,(3,((4,5),(6,7)))),8)); 3
(1,((2,(3,(4,5))),((6,8),7))); 2
(1,(2,(((3,(6,(7,8))),4),5))); 2
(1,((2,8),(3,(4,(5,(6,7)))))); 1
(1,(2,((3,(4,5)),((6,8),7)))); 1
(1,(2,((3,4),(5,((6,8),7))))); 1
(1,(2,((3,5),(4,(6,(7,8)))))); 1
(1,(2,((3,8),(4,(5,(6,7)))))); 1
(1,(2,(3,(((4,(6,7)),5),8)))); 1
(1,(2,(3,((4,(6,7)),(5,8))))); 1
