translate
       1 Scer,
       2 Spar,
       3 Smik,
       4 Skud,
       5 Sbay,
       6 Scas,
       7 Sklu,
       8 Calb;
(1,(2,(3,(4,(5,((6,8),7)))))); 25846
(1,(2,(3,(4,(5,(6,(7,8))))))); 18764
(1,(2,(3,(4,(5,((6,7),8)))))); 5066
(1,(2,((3,(5,((6,8),7))),4))); 48
(1,(2,((3,(5,(6,(7,8)))),4))); 48
(1,(2,((3,4),(5,(6,(7,8)))))); 42
(1,(2,((3,4),(5,((6,8),7))))); 37
(1,(2,(3,(4,((5,7),(6,8)))))); 28
(1,(2,(3,(4,((5,(6,7)),8))))); 27
(1,(2,(3,(4,((5,(6,8)),7))))); 17
(1,(2,(3,(4,((5,(7,8)),6))))); 12
(1,(2,(3,(4,((5,6),(7,8)))))); 10
(1,(2,(3,(4,((5,8),(6,7)))))); 9
(1,(2,(3,((4,((6,8),7)),5)))); 6
(1,(2,(3,((4,6),(5,(7,8)))))); 6
(1,(2,((3,(5,((6,7),8))),4))); 5
(1,(2,((3,4),(5,((6,7),8))))); 5
(1,(2,((3,8),(4,(5,(6,7)))))); 5
(1,(2,((3,(4,(5,(6,7)))),8))); 4
(1,(2,(3,((4,8),(5,(6,7)))))); 4
(1,(2,(3,((4,(5,(6,7))),8)))); 3
(1,(2,(3,((4,((6,7),8)),5)))); 2
(1,(2,(3,((4,(6,8)),(5,7))))); 2
(1,(2,((3,8),(4,((5,7),6))))); 1
(1,(2,(3,((4,8),((5,6),7))))); 1
(1,(2,(3,(4,(((5,7),6),8))))); 1
(1,(2,(3,(4,(((5,8),6),7))))); 1
