translate
       1 Scer,
       2 Spar,
       3 Smik,
       4 Skud,
       5 Sbay,
       6 Scas,
       7 Sklu,
       8 Calb;
(1,(2,(3,(4,(5,((6,7),8)))))); 21347
(1,(2,((3,((6,7),8)),(4,5)))); 19370
(1,(2,((3,(4,5)),((6,7),8)))); 4718
(1,(2,(3,((4,5),((6,7),8))))); 3054
(1,(2,(3,(4,(5,(6,(7,8))))))); 421
(1,((2,(3,(4,5))),((6,7),8))); 313
(1,(2,((3,(6,(7,8))),(4,5)))); 313
(1,(2,(3,((4,((6,7),8)),5)))); 172
(1,((2,((6,7),8)),(3,(4,5)))); 67
(1,(2,((3,(4,5)),(6,(7,8))))); 62
(1,(2,((3,((6,8),7)),(4,5)))); 50
(1,(2,(3,((4,5),(6,(7,8)))))); 43
(1,(2,(3,(4,(5,((6,8),7)))))); 34
(1,(2,((3,(4,5)),((6,8),7)))); 13
(1,(2,(3,((4,(6,(7,8))),5)))); 7
(1,(2,(3,((4,5),((6,8),7))))); 7
(1,((2,(3,(4,5))),(6,(7,8)))); 4
(1,((2,(6,(7,8))),(3,(4,5)))); 2
(1,((2,(3,(4,(5,8)))),(6,7))); 1
(1,(2,((3,((4,5),8)),(6,7)))); 1
(1,(2,(3,((4,((6,8),7)),5)))); 1
