translate
       1 Scer,
       2 Spar,
       3 Smik,
       4 Skud,
       5 Sbay,
       6 Scas,
       7 Sklu,
       8 Calb;
(1,(2,((3,((6,8),7)),(4,5)))); 18681
(1,(2,(3,((4,5),((6,8),7))))); 4767
(1,(2,((3,(6,(7,8))),(4,5)))); 4401
(1,((2,(3,(4,5))),((6,8),7))); 3851
(1,(2,(3,((4,((6,8),7)),5)))); 3555
(1,(2,((3,(4,5)),((6,8),7)))); 3506
(1,(2,(3,(4,(5,((6,8),7)))))); 2955
(1,(2,((3,((6,7),8)),(4,5)))); 2259
(1,(2,(3,((4,5),(6,(7,8)))))); 1038
(1,(2,((3,(4,5)),(6,(7,8))))); 765
(1,(2,(3,((4,(6,(7,8))),5)))); 764
(1,(2,(3,(4,(5,(6,(7,8))))))); 711
(1,((2,(3,(4,5))),(6,(7,8)))); 702
(1,(2,(3,((4,5),((6,7),8))))); 514
(1,(2,(3,((4,((6,7),8)),5)))); 385
(1,(2,((3,(4,5)),((6,7),8)))); 358
(1,(2,(3,(4,(5,((6,7),8)))))); 294
(1,((2,(3,(4,5))),((6,7),8))); 284
(1,((2,((6,8),7)),(3,(4,5)))); 147
(1,((2,(6,(7,8))),(3,(4,5)))); 30
(1,((2,((6,7),8)),(3,(4,5)))); 13
(1,(2,(((3,((6,8),7)),5),4))); 8
(1,(2,(((3,(6,(7,8))),5),4))); 3
(1,(2,((3,(5,((6,8),7))),4))); 3
(1,(2,((3,(5,(6,(7,8)))),4))); 2
(1,(2,((3,5),(4,((6,8),7))))); 2
(1,(2,(((3,((6,7),8)),5),4))); 1
(1,(2,((3,(5,((6,7),8))),4))); 1
