translate
       1 Scer,
       2 Spar,
       3 Smik,
       4 Skud,
       5 Sbay,
       6 Scas,
       7 Sklu,
       8 Calb;
(1,(2,(3,(4,(5,(6,(7,8))))))); 46036
(1,(2,(3,((4,(6,(7,8))),5)))); 1592
(1,(2,(3,(4,(5,((6,7),8)))))); 1172
(1,(2,(3,(4,(5,((6,8),7)))))); 1081
(1,(2,(3,((4,((6,7),8)),5)))); 54
(1,(2,(3,((4,5),(6,(7,8)))))); 30
(1,(2,(3,((4,((6,8),7)),5)))); 28
(1,(2,(3,((4,5),((6,7),8))))); 3
(1,((2,(3,(4,5))),(6,(7,8)))); 1
(1,((2,(4,(5,(6,(7,8))))),3)); 1
(1,((2,3),(4,(5,(6,(7,8)))))); 1
(1,(2,((3,(4,5)),(6,(7,8))))); 1
