translate
        1 A,
        2 B,
        3 C,
        4 D,
        5 E,
        6 F,
        7 G,
        8 H,
        9 I,
       10 J,
       11 K,
       12 L,
       13 M,
       14 N,
       15 O,
       16 P,
       17 Q,
       18 R,
       19 S,
       20 T;
(1,(2,(3,(4,(5,(6,(7,(8,(9,(10,(11,(12,(13,(14,(15,(16,(17,(18,(19,20))))))))))))))))))); 1
(1,(2,(3,(4,(5,(6,(7,(8,(9,(10,(11,(12,(13,(14,(15,(16,(17,((18,19),20)))))))))))))))))); 1
(1,(2,(3,(4,(5,(6,(7,(8,(9,(10,(11,(12,(13,(14,(15,(16,(17,((18,20),19)))))))))))))))))); 1
