translate
       1 Scer,
       2 Spar,
       3 Smik,
       4 Skud,
       5 Sbay,
       6 Scas,
       7 Sklu,
       8 Calb;
(1,(2,((3,(6,(7,8))),(4,5)))); 23907
(1,(2,(3,((4,5),(6,(7,8)))))); 20325
(1,(2,((3,(4,5)),(6,(7,8))))); 5015
(1,(2,(3,(4,(5,(6,(7,8))))))); 371
(1,(2,(3,((4,5),((6,8),7))))); 85
(1,((2,(3,(4,5))),(6,(7,8)))); 84
(1,(2,((3,((6,8),7)),(4,5)))); 79
(1,(2,(3,((4,(6,(7,8))),5)))); 43
(1,(2,(3,((4,5),((6,7),8))))); 41
(1,(2,((3,((6,7),8)),(4,5)))); 22
(1,(2,((3,(4,5)),((6,8),7)))); 11
(1,((2,(6,(7,8))),(3,(4,5)))); 8
(1,((2,3),((4,5),(6,(7,8))))); 4
(1,(((2,3),(6,(7,8))),(4,5))); 1
(1,((2,(3,(6,(7,8)))),(4,5))); 1
(1,((2,(4,(5,(6,(7,8))))),3)); 1
(1,(2,((3,(4,5)),((6,7),8)))); 1
(1,(2,(3,(4,(5,((6,8),7)))))); 1
