translate
       1 Scer,
       2 Spar,
       3 Smik,
       4 Skud,
       5 Sbay,
       6 Scas,
       7 Sklu,
       8 Calb;
(1,(2,(3,(4,(5,((6,8),7)))))); 13657
(1,(2,((3,((6,8),7)),(4,5)))); 9176
(1,(2,(3,(4,(5,((6,7),8)))))); 7458
(1,(2,((3,((6,7),8)),(4,5)))); 3581
(1,(2,((3,(6,(7,8))),(4,5)))); 2397
(1,(2,(3,(4,(5,(6,(7,8))))))); 2199
(1,(2,((3,(4,5)),((6,8),7)))); 2114
(1,((2,(3,(4,5))),((6,8),7))); 1114
(1,(2,(3,((4,5),((6,8),7))))); 1070
(1,(2,((3,(4,5)),((6,7),8)))); 907
(1,(2,((3,4),(5,((6,8),7))))); 617
(1,((2,((6,8),7)),(3,(4,5)))); 533
(1,((2,(3,(4,5))),((6,7),8))); 447
(1,(2,((3,(4,5)),(6,(7,8))))); 447
(1,(2,(3,((4,5),((6,7),8))))); 403
(1,(2,((3,4),(5,((6,7),8))))); 353
(1,((2,(3,(4,5))),(6,(7,8)))); 268
(1,((2,((6,7),8)),(3,(4,5)))); 200
(1,(2,(3,(4,((5,8),(6,7)))))); 200
(1,(2,(3,((4,5),(6,(7,8)))))); 194
(1,(2,(3,((4,((6,8),7)),5)))); 167
(1,(2,(3,(4,((5,(6,7)),8))))); 143
(1,(2,(((3,((6,8),7)),4),5))); 125
(1,(2,((3,(6,7)),(4,(5,8))))); 124
(1,((2,(4,5)),(3,((6,8),7)))); 122
(1,((2,(6,(7,8))),(3,(4,5)))); 118
(1,(2,(((3,8),(6,7)),(4,5)))); 114
(1,(2,((3,4),(5,(6,(7,8)))))); 112
(1,(2,((3,(5,((6,8),7))),4))); 111
(1,((2,(3,((6,8),7))),(4,5))); 79
(1,(2,((3,(6,7)),((4,8),5)))); 79
(1,(2,((3,8),(4,(5,(6,7)))))); 78
(1,((2,((3,(6,7)),(4,5))),8)); 65
(1,((2,(4,5)),(3,((6,7),8)))); 62
(1,((2,(4,(5,((6,8),7)))),3)); 61
(1,(2,(3,((4,((6,7),8)),5)))); 52
(1,(2,(((3,((6,7),8)),4),5))); 50
(1,(2,((3,(6,7)),((4,5),8)))); 49
(1,(2,((3,(5,((6,7),8))),4))); 47
(1,((2,(4,5)),(3,(6,(7,8))))); 43
(1,(2,(3,((4,(6,(7,8))),5)))); 42
(1,((2,(4,(5,((6,7),8)))),3)); 40
(1,(2,(((3,(6,7)),8),(4,5)))); 34
(1,(2,(((3,((6,8),7)),5),4))); 30
(1,((2,3),(4,(5,((6,8),7))))); 28
(1,((2,(3,((6,7),8))),(4,5))); 27
(1,(2,(((3,8),(4,5)),(6,7)))); 26
(1,(2,(((3,(6,(7,8))),4),5))); 22
(1,(2,((3,(4,((6,8),7))),5))); 20
(1,(2,(((3,(6,7)),(4,5)),8))); 19
(1,(2,((3,(5,(6,(7,8)))),4))); 19
(1,(2,((3,8),((4,5),(6,7))))); 19
(1,((2,((3,(4,5)),(6,7))),8)); 18
(1,(2,(3,((4,8),(5,(6,7)))))); 18
(1,(((2,(3,(4,5))),(6,7)),8)); 16
(1,((2,(3,(6,(7,8)))),(4,5))); 16
(1,(2,(3,(((4,8),5),(6,7))))); 16
(1,(2,(((3,4),5),((6,8),7)))); 15
(1,(((2,(4,5)),3),((6,7),8))); 14
(1,((2,(3,(4,(5,(6,7))))),8)); 14
(1,((2,(6,7)),(3,(4,(5,8))))); 14
(1,(2,((3,(4,(5,8))),(6,7)))); 13
(1,(((2,(4,5)),3),((6,8),7))); 12
(1,((2,(3,(4,(5,8)))),(6,7))); 12
(1,((2,(4,(5,(6,(7,8))))),3)); 12
(1,(((2,((6,8),7)),3),(4,5))); 11
(1,((2,((3,((6,8),7)),4)),5)); 11
(1,((2,(3,((4,8),5))),(6,7))); 11
(1,((2,8),((3,(6,7)),(4,5)))); 11
(1,(((2,((6,8),7)),(4,5)),3)); 10
(1,((2,((4,5),((6,7),8))),3)); 10
(1,((2,(3,((4,5),(6,7)))),8)); 10
(1,(((2,(6,7)),(3,(4,5))),8)); 9
(1,((2,((3,4),5)),((6,8),7))); 9
(1,((2,(3,((4,(6,7)),5))),8)); 9
(1,(2,((3,(4,(5,(6,7)))),8))); 9
(1,((2,3),(4,(5,((6,7),8))))); 8
(1,(2,(((3,4),5),((6,7),8)))); 8
(1,(2,((3,((4,8),5)),(6,7)))); 8
(1,(2,(3,((4,(5,(6,7))),8)))); 8
(1,(((2,((6,7),8)),3),(4,5))); 7
(1,((2,((3,8),(4,5))),(6,7))); 7
(1,(2,((3,4),((5,8),(6,7))))); 7
(1,(2,(3,((4,(6,7)),(5,8))))); 7
(1,(((2,((6,7),8)),(4,5)),3)); 6
(1,(((2,(4,5)),3),(6,(7,8)))); 6
(1,((2,((4,((6,8),7)),5)),3)); 6
(1,((2,((4,5),((6,8),7))),3)); 6
(1,((2,(6,7)),((3,8),(4,5)))); 6
(1,(2,(((3,((6,7),8)),5),4))); 6
(1,(2,(3,(((4,5),8),(6,7))))); 6
(1,(2,((3,8),((4,(6,7)),5)))); 5
(1,(2,(3,(((4,8),(6,7)),5)))); 5
(1,(2,(3,((4,(5,8)),(6,7))))); 5
(1,(((2,(4,5)),((6,7),8)),3)); 4
(1,((2,((6,8),7)),((3,4),5))); 4
(1,((2,((6,8),7)),((3,5),4))); 4
(1,(2,(((3,5),4),((6,7),8)))); 4
(1,(2,(((3,5),4),((6,8),7)))); 4
(1,(2,((3,(4,((6,7),8))),5))); 4
(1,(2,((3,4),((5,(6,7)),8)))); 4
(1,(((2,(4,5)),((6,8),7)),3)); 3
(1,(((2,(6,(7,8))),3),(4,5))); 3
(1,(((2,4),(5,((6,7),8))),3)); 3
(1,((2,((3,((6,7),8)),4)),5)); 3
(1,((2,((3,4),((6,7),8))),5)); 3
(1,((2,((3,4),(5,(6,7)))),8)); 3
(1,((2,(3,4)),(5,((6,7),8)))); 3
(1,((2,(5,((6,8),7))),(3,4))); 3
(1,((2,(6,7)),(3,((4,8),5)))); 3
(1,(2,(((3,8),4),(5,(6,7))))); 3
(1,(2,((3,((4,5),(6,7))),8))); 3
(1,(((2,(3,((6,8),7))),4),5)); 2
(1,(((2,(6,7)),8),(3,(4,5)))); 2
(1,((2,(3,((4,5),8))),(6,7))); 2
(1,((2,3),((4,5),((6,7),8)))); 2
(1,((2,3),(4,(5,(6,(7,8)))))); 2
(1,((2,8),(3,(4,(5,(6,7)))))); 2
(1,(2,(((3,(4,5)),(6,7)),8))); 2
(1,(2,(((3,(4,5)),8),(6,7)))); 2
(1,(2,(((3,4),((6,7),8)),5))); 2
(1,(2,(((3,8),(4,(6,7))),5))); 2
(1,(2,((3,((4,5),8)),(6,7)))); 2
(1,(2,((3,((5,(6,7)),8)),4))); 2
(1,(2,((3,((5,8),(6,7))),4))); 2
(1,((((2,(6,(7,8))),3),4),5)); 1
(1,(((2,((6,8),7)),(3,4)),5)); 1
(1,(((2,(3,(4,5))),8),(6,7))); 1
(1,(((2,(3,(6,7))),(4,5)),8)); 1
(1,(((2,(4,(5,8))),3),(6,7))); 1
(1,(((2,(6,(7,8))),(4,5)),3)); 1
(1,(((2,3),(4,5)),((6,8),7))); 1
(1,(((2,3),(4,5)),(6,(7,8)))); 1
(1,((2,(((3,8),4),5)),(6,7))); 1
(1,((2,((3,4),((6,8),7))),5)); 1
(1,((2,((3,4),5)),((6,7),8))); 1
(1,((2,((3,5),4)),((6,7),8))); 1
(1,((2,((3,5),4)),((6,8),7))); 1
(1,((2,((3,8),(6,7))),(4,5))); 1
(1,((2,((4,5),(6,7))),(3,8))); 1
(1,((2,(3,(4,((6,7),8)))),5)); 1
(1,((2,(3,(4,((6,8),7)))),5)); 1
(1,((2,(3,(6,7))),((4,8),5))); 1
(1,((2,(3,4)),(5,(6,(7,8))))); 1
(1,((2,(4,5)),((3,8),(6,7)))); 1
(1,((2,(6,7)),((3,4),(5,8)))); 1
(1,((2,3),((4,5),((6,8),7)))); 1
(1,((2,8),((3,(4,5)),(6,7)))); 1
(1,(2,((((3,(6,7)),8),4),5))); 1
(1,(2,((((3,8),(6,7)),4),5))); 1
(1,(2,(((3,(6,(7,8))),5),4))); 1
(1,(2,(((3,(6,7)),4),(5,8)))); 1
(1,(2,(((3,4),((6,8),7)),5))); 1
(1,(2,(((3,4),(5,(6,7))),8))); 1
(1,(2,(((3,4),(6,(7,8))),5))); 1
(1,(2,((3,(4,(6,(7,8)))),5))); 1
(1,(2,((3,(4,8)),(5,(6,7))))); 1
(1,(2,((3,(5,(6,7))),(4,8)))); 1
(1,(2,(3,(((4,(6,7)),5),8)))); 1
