translate
       1 Scer,
       2 Spar,
       3 Smik,
       4 Skud,
       5 Sbay,
       6 Scas,
       7 Sklu,
       8 Calb;
(1,((2,(3,(4,5))),(6,(7,8)))); 28401
(1,(2,((3,(6,(7,8))),(4,5)))); 8636
(1,(2,((3,(4,5)),(6,(7,8))))); 7459
(1,((2,(6,(7,8))),(3,(4,5)))); 2543
(1,(2,(3,((4,5),(6,(7,8)))))); 1998
(1,(2,(3,(4,(5,(6,(7,8))))))); 613
(1,(2,(3,((4,(6,(7,8))),5)))); 267
(1,((2,(3,(4,5))),((6,8),7))); 22
(1,((2,(3,(4,5))),((6,7),8))); 13
(1,(2,((3,((6,8),7)),(4,5)))); 9
(1,(2,((3,((6,7),8)),(4,5)))); 7
(1,(2,((3,(4,5)),((6,8),7)))); 5
(1,((2,((3,4),5)),(6,(7,8)))); 4
(1,((2,((6,7),8)),(3,(4,5)))); 4
(1,(2,((3,(4,5)),((6,7),8)))); 3
(1,(2,((3,(6,7)),((4,5),8)))); 2
(1,(2,(3,(((4,8),5),(6,7))))); 2
(1,(2,(3,((4,5),((6,7),8))))); 2
(1,(2,(3,((4,5),((6,8),7))))); 2
(1,(((2,3),(4,5)),(6,(7,8)))); 1
(1,((2,((3,5),4)),(6,(7,8)))); 1
(1,((2,((6,8),7)),(3,(4,5)))); 1
(1,((2,(3,((4,5),8))),(6,7))); 1
(1,((2,(3,((4,8),5))),(6,7))); 1
(1,((2,(3,(4,(5,8)))),(6,7))); 1
(1,(2,((3,(6,7)),((4,8),5)))); 1
(1,(2,((3,4),(5,(6,(7,8)))))); 1
