translate
       1 Scer,
       2 Spar,
       3 Smik,
       4 Skud,
       5 Sbay,
       6 Scas,
       7 Sklu,
       8 Calb;
(1,(2,((3,((6,7),8)),(4,5)))); 18444
(1,(2,(((3,8),(6,7)),(4,5)))); 5773
(1,(2,(((3,(6,7)),8),(4,5)))); 4789
(1,((2,((3,(6,7)),(4,5))),8)); 4112
(1,(2,((3,(6,7)),(4,(5,8))))); 3735
(1,((2,8),((3,(6,7)),(4,5)))); 3503
(1,(2,((3,(6,7)),((4,5),8)))); 3462
(1,(2,(((3,(6,7)),(4,5)),8))); 2711
(1,(2,((3,(6,7)),((4,8),5)))); 1608
(1,(2,((3,8),(4,(5,(6,7)))))); 312
(1,((2,(3,(4,(5,(6,7))))),8)); 274
(1,((2,8),(3,(4,(5,(6,7)))))); 198
(1,(2,((3,(4,(5,(6,7)))),8))); 192
(1,(2,(3,((4,(5,(6,7))),8)))); 133
(1,(2,(3,(4,((5,(6,7)),8))))); 70
(1,(2,(3,((4,5),((6,7),8))))); 67
(1,(2,(3,((4,8),(5,(6,7)))))); 66
(1,(2,((3,8),((4,5),(6,7))))); 60
(1,(2,(3,(4,(5,((6,7),8)))))); 57
(1,(2,((3,(6,(7,8))),(4,5)))); 49
(1,(2,((3,(4,5)),((6,7),8)))); 37
(1,((2,(3,((4,5),(6,7)))),8)); 36
(1,(2,((3,((4,5),(6,7))),8))); 34
(1,(2,(3,(((4,5),8),(6,7))))); 30
(1,(2,(3,((4,(5,8)),(6,7))))); 27
(1,(2,((3,(4,(5,8))),(6,7)))); 26
(1,((2,8),(3,((4,5),(6,7))))); 24
(1,((2,8),((3,(4,5)),(6,7)))); 18
(1,(2,(((3,8),(4,5)),(6,7)))); 18
(1,(2,((3,((6,8),7)),(4,5)))); 18
(1,((2,((3,(4,5)),(6,7))),8)); 15
(1,(2,(((3,(4,5)),(6,7)),8))); 12
(1,((2,((6,7),8)),(3,(4,5)))); 11
(1,(2,(3,(4,((5,8),(6,7)))))); 10
(1,(2,((3,((4,5),8)),(6,7)))); 9
(1,(2,(3,(((4,8),5),(6,7))))); 9
(1,(((2,(6,7)),(3,(4,5))),8)); 8
(1,(2,(3,(((4,5),(6,7)),8)))); 7
(1,(2,(((3,(4,5)),8),(6,7)))); 6
(1,((2,(6,7)),((3,8),(4,5)))); 5
(1,(2,((3,((4,8),5)),(6,7)))); 5
(1,((2,(3,(4,5))),((6,7),8))); 3
(1,(((2,(3,(4,5))),(6,7)),8)); 2
(1,((2,(3,((4,(6,7)),5))),8)); 2
(1,((2,(3,(4,(5,8)))),(6,7))); 2
(1,(2,((3,8),((4,(6,7)),5)))); 2
(1,((2,(4,5)),(3,((6,7),8)))); 1
(1,((2,(6,(7,8))),(3,(4,5)))); 1
(1,((2,(6,7)),(3,((4,5),8)))); 1
(1,((2,8),(3,((4,(6,7)),5)))); 1
(1,(2,(3,(((4,(6,7)),5),8)))); 1
(1,(2,(3,(((4,(6,7)),8),5)))); 1
(1,(2,(3,((4,((6,7),8)),5)))); 1
(1,(2,(3,((4,5),(6,(7,8)))))); 1
(1,(2,(3,(4,(5,((6,8),7)))))); 1
