translate
       1 Scer,
       2 Spar,
       3 Smik,
       4 Skud,
       5 Sbay,
       6 Scas,
       7 Sklu,
       8 Calb;
(1,((2,(3,(4,5))),((6,7),8))); 15708
(1,((2,(3,(4,5))),((6,8),7))); 10488
(1,((2,(3,(4,5))),(6,(7,8)))); 2980
(1,(2,((3,((6,7),8)),(4,5)))); 2737
(1,(2,((3,(4,5)),((6,7),8)))); 2452
(1,((2,((6,7),8)),(3,(4,5)))); 2189
(1,(2,((3,((6,8),7)),(4,5)))); 1843
(1,(2,((3,(4,5)),((6,8),7)))); 1758
(1,((2,((6,8),7)),(3,(4,5)))); 1651
(1,(2,((3,8),((4,(6,7)),5)))); 1232
(1,(2,(3,((4,((6,8),7)),5)))); 1151
(1,((2,((3,8),(4,5))),(6,7))); 667
(1,(2,(3,((4,((6,7),8)),5)))); 571
(1,(2,((3,(4,5)),(6,(7,8))))); 457
(1,(2,(3,((4,5),((6,8),7))))); 409
(1,((2,(6,(7,8))),(3,(4,5)))); 392
(1,(2,(3,((4,5),((6,7),8))))); 386
(1,((2,(3,((4,(6,7)),5))),8)); 280
(1,(2,((3,(6,(7,8))),(4,5)))); 280
(1,(2,(3,(4,(5,((6,8),7)))))); 246
(1,(2,(3,((4,(6,(7,8))),5)))); 235
(1,((2,((3,5),4)),((6,8),7))); 149
(1,(2,((3,8),(4,(5,(6,7)))))); 137
(1,(2,(3,(4,(5,((6,7),8)))))); 133
(1,(2,((3,8),((4,5),(6,7))))); 116
(1,(2,(((3,8),(4,5)),(6,7)))); 102
(1,((2,((3,5),4)),((6,7),8))); 86
(1,(2,(3,((4,5),(6,(7,8)))))); 84
(1,(2,(((3,8),(6,7)),(4,5)))); 81
(1,((2,8),(3,((4,(6,7)),5)))); 80
(1,(((2,8),(3,(4,5))),(6,7))); 74
(1,(((2,(3,(4,5))),(6,7)),8)); 70
(1,((2,(6,7)),((3,8),(4,5)))); 66
(1,(((2,(3,(4,5))),8),(6,7))); 51
(1,(2,((3,((4,(6,7)),5)),8))); 46
(1,((2,(3,(4,(5,(6,7))))),8)); 44
(1,(2,(3,(4,(5,(6,(7,8))))))); 40
(1,((2,((3,(4,5)),8)),(6,7))); 38
(1,((2,((3,(4,5)),(6,7))),8)); 32
(1,((2,((3,5),4)),(6,(7,8)))); 30
(1,((2,((3,4),5)),((6,7),8))); 26
(1,((2,((3,4),5)),((6,8),7))); 20
(1,((2,(3,((6,7),8))),(4,5))); 20
(1,(2,(((3,5),4),((6,8),7)))); 20
(1,((2,((6,7),8)),((3,5),4))); 19
(1,(2,(((3,((6,8),7)),5),4))); 17
(1,(2,(((3,5),4),((6,7),8)))); 17
(1,((2,(3,((4,5),(6,7)))),8)); 16
(1,((2,(3,((4,5),8))),(6,7))); 16
(1,(2,((3,5),(4,((6,8),7))))); 16
(1,((2,((6,8),7)),((3,5),4))); 15
(1,(2,(3,(((4,(6,7)),5),8)))); 15
(1,(((2,(6,7)),(3,(4,5))),8)); 12
(1,(2,((3,((4,5),(6,7))),8))); 11
(1,(2,(3,((4,(6,7)),(5,8))))); 11
(1,((2,8),(3,(4,(5,(6,7)))))); 10
(1,(2,(3,(((4,(6,7)),8),5)))); 10
(1,((2,((4,5),((6,7),8))),3)); 8
(1,((2,((6,8),7)),((3,4),5))); 8
(1,((2,(4,5)),(3,((6,7),8)))); 7
(1,((2,(6,7)),((3,(4,5)),8))); 7
(1,((2,8),((3,(4,5)),(6,7)))); 7
(1,(2,(((3,4),5),((6,7),8)))); 7
(1,(2,(((3,((6,7),8)),4),5))); 6
(1,(((2,8),(6,7)),(3,(4,5)))); 5
(1,((2,((3,5),(4,(6,7)))),8)); 5
(1,((2,(4,5)),(3,((6,8),7)))); 5
(1,(2,(((3,((6,8),7)),4),5))); 5
(1,(2,(((3,5),4),(6,(7,8))))); 5
(1,(2,((3,5),(4,((6,7),8))))); 5
(1,((2,((3,(6,7)),(4,5))),8)); 4
(1,((2,((4,5),((6,8),7))),3)); 4
(1,(2,(((3,((6,7),8)),5),4))); 4
(1,(2,(3,(((4,5),(6,7)),8)))); 4
(1,(2,(3,(((4,8),(6,7)),5)))); 4
(1,(((2,3),((6,7),8)),(4,5))); 3
(1,((2,(3,((6,8),7))),(4,5))); 3
(1,((2,(6,(7,8))),((3,5),4))); 3
(1,(2,(((3,4),5),((6,8),7)))); 3
(1,(2,((3,(4,(5,(6,7)))),8))); 3
(1,(2,(3,((4,(5,(6,7))),8)))); 3
(1,(((2,((4,(6,7)),5)),3),8)); 2
(1,(((2,(4,5)),3),((6,7),8))); 2
(1,((2,((3,4),5)),(6,(7,8)))); 2
(1,((2,((4,((6,7),8)),5)),3)); 2
(1,((2,(4,5)),(3,(6,(7,8))))); 2
(1,(2,(((3,(6,7)),8),(4,5)))); 2
(1,(2,(((3,8),5),(4,(6,7))))); 2
(1,(2,((3,(4,((6,8),7))),5))); 2
(1,(((2,(3,8)),(4,5)),(6,7))); 1
(1,(((2,(6,(7,8))),(4,5)),3)); 1
(1,(((2,8),((3,5),4)),(6,7))); 1
(1,(((2,8),((4,(6,7)),5)),3)); 1
(1,((2,(((3,8),4),5)),(6,7))); 1
(1,((2,(((3,8),5),4)),(6,7))); 1
(1,((2,((6,7),8)),((3,4),5))); 1
(1,((2,(3,(6,(7,8)))),(4,5))); 1
(1,((2,3),((4,5),((6,7),8)))); 1
(1,((2,3),(4,(5,((6,7),8))))); 1
(1,((2,8),(((3,5),4),(6,7)))); 1
(1,((2,8),((3,(6,7)),(4,5)))); 1
(1,((2,8),(3,((4,5),(6,7))))); 1
(1,(2,(((3,(4,5)),(6,7)),8))); 1
(1,(2,(((3,(4,5)),8),(6,7)))); 1
(1,(2,(((3,(6,(7,8))),4),5))); 1
(1,(2,(((3,5),((6,8),7)),4))); 1
(1,(2,((3,(4,((6,7),8))),5))); 1
(1,(2,((3,(5,((6,7),8))),4))); 1
(1,(2,((3,(5,((6,8),7))),4))); 1
(1,(2,((3,(5,(6,(7,8)))),4))); 1
(1,(2,((3,(6,7)),((4,5),8)))); 1
(1,(2,((3,(6,7)),((4,8),5)))); 1
(1,(2,((3,4),(5,((6,7),8))))); 1
