translate
       1 Scer,
       2 Spar,
       3 Smik,
       4 Skud,
       5 Sbay,
       6 Scas,
       7 Sklu,
       8 Calb;
(1,(2,(3,(4,(5,((6,8),7)))))); 39134
(1,(2,(3,(4,(5,(6,(7,8))))))); 10602
(1,(2,(3,(4,(5,((6,7),8)))))); 129
(1,(2,((3,((6,8),7)),(4,5)))); 47
(1,(2,(3,((4,5),((6,8),7))))); 42
(1,(2,((3,(6,(7,8))),(4,5)))); 18
(1,(2,(3,((4,5),(6,(7,8)))))); 12
(1,(2,(3,((4,((6,8),7)),5)))); 7
(1,(2,((3,(5,((6,8),7))),4))); 4
(1,(2,((3,(4,5)),((6,8),7)))); 2
(1,(2,((3,(4,5)),(6,(7,8))))); 2
(1,(2,((3,4),(5,((6,8),7))))); 1
