translate
       1 Scer,
       2 Spar,
       3 Smik,
       4 Skud,
       5 Sbay,
       6 Scas,
       7 Sklu,
       8 Calb;
(1,(2,(3,((4,5),((6,8),7))))); 12690
(1,(2,(3,((4,5),(6,(7,8)))))); 12254
(1,(2,(3,(4,(5,(6,(7,8))))))); 11869
(1,(2,(3,(4,(5,((6,8),7)))))); 10531
(1,(2,(3,((4,((6,8),7)),5)))); 964
(1,(2,(3,((4,(6,(7,8))),5)))); 909
(1,(2,(3,((4,5),((6,7),8))))); 381
(1,(2,(3,(4,(5,((6,7),8)))))); 318
(1,(2,(3,((4,((6,7),8)),5)))); 32
(1,(2,((3,((6,8),7)),(4,5)))); 19
(1,(2,((3,(4,5)),((6,8),7)))); 14
(1,(2,((3,(6,(7,8))),(4,5)))); 10
(1,(2,((3,(4,5)),(6,(7,8))))); 6
(1,(2,((3,((6,7),8)),(4,5)))); 3
