translate
       1 Scer,
       2 Spar,
       3 Smik,
       4 Skud,
       5 Sbay,
       6 Scas,
       7 Sklu,
       8 Calb;
(1,(2,(3,(4,(5,(6,(7,8))))))); 49050
(1,(2,(3,((4,5),(6,(7,8)))))); 649
(1,(2,(3,((4,(6,(7,8))),5)))); 157
(1,(2,((3,(4,5)),(6,(7,8))))); 68
(1,(2,((3,(5,(6,(7,8)))),4))); 23
(1,(2,(3,(4,((5,6),(7,8)))))); 19
(1,(2,((3,4),(5,(6,(7,8)))))); 11
(1,(2,((3,(6,(7,8))),(4,5)))); 6
(1,(2,(3,(4,(5,((6,8),7)))))); 5
(1,((2,(6,(7,8))),(3,(4,5)))); 4
(1,(2,(3,((4,(5,6)),(7,8))))); 2
(1,(2,(3,(4,((5,(7,8)),6))))); 2
(1,((2,(3,(4,5))),(6,(7,8)))); 1
(1,((2,3),(4,(5,(6,(7,8)))))); 1
(1,(2,(3,((4,(7,8)),(5,6))))); 1
(1,(2,(3,((4,6),(5,(7,8)))))); 1
