translate
       1 Scer,
       2 Spar,
       3 Smik,
       4 Skud,
       5 Sbay,
       6 Scas,
       7 Sklu,
       8 Calb;
(1,((2,(3,(4,5))),(6,(7,8)))); 14203
(1,((2,(6,(7,8))),(3,(4,5)))); 13749
(1,(2,((3,(4,5)),(6,(7,8))))); 6644
(1,((2,((6,7),8)),(3,(4,5)))); 5412
(1,((2,(3,(4,5))),((6,7),8))); 4216
(1,(2,((3,(4,5)),((6,7),8)))); 2717
(1,((2,((6,8),7)),(3,(4,5)))); 696
(1,((2,(3,(4,5))),((6,8),7))); 663
(1,(2,((3,(4,5)),((6,8),7)))); 380
(1,(2,((3,(6,(7,8))),(4,5)))); 170
(1,(2,(3,(4,(5,(6,(7,8))))))); 106
(1,(2,((3,((6,7),8)),(4,5)))); 86
(1,((2,((3,5),4)),(6,(7,8)))); 74
(1,(2,(3,(4,(5,((6,7),8)))))); 73
(1,((2,(6,(7,8))),((3,5),4))); 63
(1,((2,((3,4),5)),(6,(7,8)))); 61
(1,((2,(6,(7,8))),((3,4),5))); 50
(1,((2,(6,7)),(3,(4,(5,8))))); 36
(1,((2,((6,7),8)),((3,5),4))); 32
(1,((2,((3,5),4)),((6,7),8))); 30
(1,(((2,8),(3,(4,5))),(6,7))); 28
(1,(2,(((3,5),4),(6,(7,8))))); 28
(1,((2,((3,4),5)),((6,7),8))); 27
(1,((2,(3,((4,8),5))),(6,7))); 27
(1,(2,(((3,4),5),(6,(7,8))))); 27
(1,((2,((3,(4,5)),8)),(6,7))); 24
(1,(2,(((3,4),5),((6,7),8)))); 24
(1,(2,(3,((4,(6,(7,8))),5)))); 24
(1,((2,(3,(4,(5,8)))),(6,7))); 23
(1,((2,(6,7)),(3,((4,8),5)))); 22
(1,((2,((3,8),(4,5))),(6,7))); 19
(1,(2,(((3,5),4),((6,7),8)))); 17
(1,(2,(((3,8),(4,5)),(6,7)))); 17
(1,(((2,(3,(4,5))),(6,7)),8)); 15
(1,((2,((6,7),8)),((3,4),5))); 15
(1,(2,((3,(4,(5,8))),(6,7)))); 14
(1,(((2,(3,(4,5))),8),(6,7))); 11
(1,((2,(6,7)),((3,(4,5)),8))); 11
(1,(2,(3,((4,5),(6,(7,8)))))); 11
(1,((2,(3,((4,5),8))),(6,7))); 10
(1,((2,(6,7)),((3,8),(4,5)))); 10
(1,(2,(3,(4,(5,((6,8),7)))))); 10
(1,(((2,(6,7)),8),(3,(4,5)))); 9
(1,(2,(((3,(4,5)),8),(6,7)))); 9
(1,(2,(((3,(4,5)),(6,7)),8))); 8
(1,(2,((3,((4,5),8)),(6,7)))); 8
(1,(2,((3,((4,8),5)),(6,7)))); 8
(1,(2,(3,((4,5),((6,7),8))))); 8
(1,(2,((3,((6,8),7)),(4,5)))); 7
(1,(2,((3,(5,(6,(7,8)))),4))); 7
(1,(((2,(6,7)),(3,(4,5))),8)); 6
(1,(((2,8),(6,7)),(3,(4,5)))); 5
(1,((2,((6,8),7)),((3,4),5))); 5
(1,(2,(3,((4,((6,7),8)),5)))); 5
(1,((2,8),((3,(4,5)),(6,7)))); 4
(1,((2,((3,(4,5)),(6,7))),8)); 3
(1,((2,((6,8),7)),((3,5),4))); 3
(1,((2,(6,7)),(3,((4,5),8)))); 3
(1,(2,(((3,5),4),((6,8),7)))); 3
(1,((2,((3,5),4)),((6,8),7))); 2
(1,(2,(((3,(6,(7,8))),5),4))); 2
(1,(2,((3,(5,((6,7),8))),4))); 2
(1,(2,((3,(6,7)),(4,(5,8))))); 2
(1,(2,((3,4),(5,(6,(7,8)))))); 2
(1,(2,(3,((4,((6,8),7)),5)))); 2
(1,(2,(3,((4,5),((6,8),7))))); 2
(1,((2,((3,(6,7)),(4,5))),8)); 1
(1,((2,((3,4),(5,8))),(6,7))); 1
(1,((2,((3,4),5)),((6,8),7))); 1
(1,((2,(3,((4,5),(6,7)))),8)); 1
(1,(2,(((3,(6,(7,8))),4),5))); 1
(1,(2,(((3,(6,7)),(4,5)),8))); 1
(1,(2,(((3,5),((6,7),8)),4))); 1
(1,(2,((3,(4,(5,(6,7)))),8))); 1
(1,(2,((3,8),((4,5),(6,7))))); 1
(1,(2,((3,8),(4,(5,(6,7)))))); 1
