translate
       1 Scer,
       2 Spar,
       3 Smik,
       4 Skud,
       5 Sbay,
       6 Scas,
       7 Sklu,
       8 Calb;
(1,(2,((3,(6,(7,8))),(4,5)))); 20470
(1,(2,(3,((4,5),(6,(7,8)))))); 19289
(1,(2,((3,(4,5)),(6,(7,8))))); 5029
(1,(2,(3,(4,(5,(6,(7,8))))))); 4884
(1,((2,(3,(4,5))),(6,(7,8)))); 101
(1,(2,(3,((4,(6,(7,8))),5)))); 97
(1,((2,(6,(7,8))),(3,(4,5)))); 74
(1,(2,((3,((6,7),8)),(4,5)))); 23
(1,(2,(3,((4,5),((6,7),8))))); 22
(1,(2,((3,(4,5)),((6,7),8)))); 5
(1,(2,(3,(4,(5,((6,7),8)))))); 3
(1,(2,((3,(4,5)),((6,8),7)))); 1
(1,(2,(3,((4,5),((6,8),7))))); 1
(1,(2,(3,(4,(5,((6,8),7)))))); 1
