translate
       1 Scer,
       2 Spar,
       3 Smik,
       4 Skud,
       5 Sbay,
       6 Scas,
       7 Sklu,
       8 Calb;
(1,((2,(3,(4,(5,(7,8))))),6)); 23309
(1,((2,6),(3,(4,(5,(7,8)))))); 11605
(1,((2,(3,(4,5))),(6,(7,8)))); 5138
(1,(2,(3,(4,(5,(6,(7,8))))))); 5137
(1,(2,((3,(4,(5,(7,8)))),6))); 1531
(1,(2,(3,((4,5),(6,(7,8)))))); 552
(1,(2,(3,(4,(5,((6,7),8)))))); 446
(1,(2,(3,((4,(6,(7,8))),5)))); 400
(1,((2,(3,(4,5))),((6,7),8))); 274
(1,((2,(6,(7,8))),(3,(4,5)))); 267
(1,(2,(3,(4,(5,((6,8),7)))))); 246
(1,(2,((3,(6,(7,8))),(4,5)))); 205
(1,(2,((3,(4,5)),(6,(7,8))))); 165
(1,((2,(3,(4,5))),((6,8),7))); 129
(1,((2,(3,(4,(5,7)))),(6,8))); 118
(1,((2,(6,8)),(3,(4,(5,7))))); 67
(1,((2,(3,(4,((5,7),8)))),6)); 46
(1,(2,(3,((4,5),((6,7),8))))); 35
(1,((2,((6,7),8)),(3,(4,5)))); 28
(1,(2,(3,((4,((6,7),8)),5)))); 23
(1,(2,(3,((4,5),((6,8),7))))); 19
(1,((2,6),(3,(4,((5,7),8))))); 18
(1,(2,((3,((6,8),7)),(4,5)))); 16
(1,(2,(3,((4,((6,8),7)),5)))); 16
(1,(2,(3,(4,((5,8),(6,7)))))); 16
(1,((2,(3,(4,((5,8),7)))),6)); 15
(1,((2,6),(3,((4,(7,8)),5)))); 14
(1,((2,(3,((4,(7,8)),5))),6)); 13
(1,((2,((3,(4,(5,7))),8)),6)); 11
(1,((2,((6,8),7)),(3,(4,5)))); 11
(1,((2,6),(3,(4,((5,8),7))))); 11
(1,((2,((3,8),(4,(5,7)))),6)); 10
(1,(2,((3,(4,(5,7))),(6,8)))); 9
(1,(2,((3,((6,7),8)),(4,5)))); 8
(1,(2,((3,(4,5)),((6,7),8)))); 8
(1,(2,((3,(4,5)),((6,8),7)))); 8
(1,((2,6),(3,((4,8),(5,7))))); 7
(1,(((2,(3,(4,(5,7)))),8),6)); 6
(1,(((2,(3,(4,5))),8),(6,7))); 5
(1,((2,(3,((4,(5,7)),8))),6)); 5
(1,((2,(3,((4,8),5))),(6,7))); 5
(1,((2,6),((3,8),(4,(5,7))))); 5
(1,((2,(3,(4,(5,8)))),(6,7))); 4
(1,((2,((3,(4,5)),(6,7))),8)); 3
(1,(2,((3,(6,7)),((4,8),5)))); 3
(1,(((2,(3,(4,5))),(6,7)),8)); 2
(1,((2,6),(3,((4,(5,7)),8)))); 2
(1,(2,((3,(4,((5,7),8))),6))); 2
(1,(2,((3,(4,((5,8),7))),6))); 2
(1,(2,((3,(4,(5,8))),(6,7)))); 2
(1,(2,(3,((4,(5,(6,7))),8)))); 2
(1,(2,(3,((4,(5,8)),(6,7))))); 2
(1,(2,(3,(4,((5,(6,7)),8))))); 2
(1,(((2,(6,7)),8),(3,(4,5)))); 1
(1,(((2,6),8),(3,(4,(5,7))))); 1
(1,(((2,8),(3,(4,(5,7)))),6)); 1
(1,(((2,8),(3,(4,5))),(6,7))); 1
(1,(((2,8),6),(3,(4,(5,7))))); 1
(1,((2,((3,8),(4,5))),(6,7))); 1
(1,((2,(3,((4,5),8))),(6,7))); 1
(1,((2,(3,((4,7),5))),(6,8))); 1
(1,((2,(3,((4,8),(5,7)))),6)); 1
(1,((2,8),((3,(4,5)),(6,7)))); 1
(1,((2,8),((3,(6,7)),(4,5)))); 1
(1,(2,(((3,8),(4,(5,7))),6))); 1
(1,(2,((3,((4,(5,7)),8)),6))); 1
(1,(2,((3,8),((4,5),(6,7))))); 1
(1,(2,(3,(((4,(6,7)),8),5)))); 1
(1,(2,(3,((4,(5,(7,8))),6)))); 1
(1,(2,(3,((4,(6,7)),(5,8))))); 1
