translate
       1 Scer,
       2 Spar,
       3 Smik,
       4 Skud,
       5 Sbay,
       6 Scas,
       7 Sklu,
       8 Calb;
(1,(2,(3,(4,(5,(6,(7,8))))))); 33578
(1,(2,(3,((4,(6,(7,8))),5)))); 13473
(1,(2,(3,((4,5),(6,(7,8)))))); 2174
(1,(2,(3,(4,(5,((6,7),8)))))); 355
(1,(2,(3,(4,(5,((6,8),7)))))); 161
(1,(2,(3,((4,((6,7),8)),5)))); 156
(1,(2,(3,((4,((6,8),7)),5)))); 64
(1,(2,(3,((4,5),((6,7),8))))); 20
(1,(2,((3,(6,(7,8))),(4,5)))); 12
(1,(2,(3,((4,5),((6,8),7))))); 5
(1,(2,((3,(4,5)),(6,(7,8))))); 2
