translate
       1 Scer,
       2 Spar,
       3 Smik,
       4 Skud,
       5 Sbay,
       6 Scas,
       7 Sklu,
       8 Calb;
(1,(2,(3,(4,(5,(6,(7,8))))))); 45153
(1,(2,(3,(4,(5,((6,7),8)))))); 1652
(1,((2,(3,(4,(5,(6,7))))),8)); 1374
(1,((2,8),(3,(4,(5,(6,7)))))); 624
(1,(2,((3,(4,(5,(6,7)))),8))); 415
(1,(2,((3,8),(4,(5,(6,7)))))); 197
(1,(2,(3,((4,(5,(6,7))),8)))); 116
(1,(2,(3,((4,5),(6,(7,8)))))); 115
(1,(2,(3,(4,((5,8),(6,7)))))); 102
(1,(2,(3,((4,(6,(7,8))),5)))); 93
(1,(2,(3,(4,((5,(6,7)),8))))); 82
(1,(2,(3,(4,(5,((6,8),7)))))); 41
(1,(2,(3,((4,8),(5,(6,7)))))); 15
(1,((2,(3,((4,5),(6,7)))),8)); 10
(1,((2,(3,((4,(6,7)),5))),8)); 2
(1,(2,((3,((4,(6,7)),5)),8))); 2
(1,(2,(3,((4,(5,8)),(6,7))))); 2
(1,(2,((3,((4,5),(6,7))),8))); 1
(1,(2,((3,(6,(7,8))),(4,5)))); 1
(1,(2,((3,8),((4,5),(6,7))))); 1
(1,(2,(3,((4,((6,7),8)),5)))); 1
(1,(2,(3,((4,(6,7)),(5,8))))); 1
