translate
       1 Scer,
       2 Spar,
       3 Smik,
       4 Skud,
       5 Sbay,
       6 Scas,
       7 Sklu,
       8 Calb;
(1,(2,(3,((4,(6,(7,8))),5)))); 18719
(1,(2,(3,(4,(5,(6,(7,8))))))); 8034
(1,(2,(3,((4,((6,8),7)),5)))); 6630
(1,(2,(3,((4,((6,7),8)),5)))); 4514
(1,(2,(3,(4,(5,((6,8),7)))))); 2884
(1,(2,(3,(4,(5,((6,7),8)))))); 1867
(1,(2,(3,((4,5),(6,(7,8)))))); 1832
(1,((2,3),((4,(6,(7,8))),5))); 1778
(1,((2,3),(4,(5,(6,(7,8)))))); 802
(1,((2,3),((4,((6,8),7)),5))); 596
(1,(2,(3,((4,5),((6,8),7))))); 576
(1,(2,(3,((4,5),((6,7),8))))); 519
(1,((2,3),((4,((6,7),8)),5))); 437
(1,((2,3),(4,(5,((6,8),7))))); 216
(1,((2,3),((4,5),(6,(7,8))))); 175
(1,((2,3),(4,(5,((6,7),8))))); 131
(1,((2,((4,(6,(7,8))),5)),3)); 69
(1,((2,3),((4,5),((6,8),7)))); 59
(1,((2,3),((4,5),((6,7),8)))); 41
(1,((2,(4,(5,(6,(7,8))))),3)); 37
(1,((2,((4,((6,8),7)),5)),3)); 33
(1,((2,((4,((6,7),8)),5)),3)); 19
(1,((2,(4,(5,((6,7),8)))),3)); 11
(1,((2,(4,(5,((6,8),7)))),3)); 11
(1,((2,((4,5),(6,(7,8)))),3)); 8
(1,((2,((4,5),((6,7),8))),3)); 1
(1,((2,((4,5),((6,8),7))),3)); 1
