translate
       1 Scer,
       2 Spar,
       3 Smik,
       4 Skud,
       5 Sbay,
       6 Scas,
       7 Sklu,
       8 Calb;
(1,(2,(3,((4,5),((6,8),7))))); 16631
(1,(2,((3,((6,8),7)),(4,5)))); 9007
(1,(2,(3,(4,(5,((6,8),7)))))); 7478
(1,(2,((3,(4,5)),((6,8),7)))); 6177
(1,((2,((6,8),7)),(3,(4,5)))); 3000
(1,(2,(3,((4,5),(6,(7,8)))))); 1496
(1,((2,(3,(4,5))),((6,8),7))); 1389
(1,(2,(3,((4,((6,8),7)),5)))); 1127
(1,(2,((3,(6,(7,8))),(4,5)))); 821
(1,(2,((3,(4,5)),(6,(7,8))))); 671
(1,(2,(3,(4,(5,(6,(7,8))))))); 660
(1,(2,(3,((4,5),((6,7),8))))); 339
(1,((2,(6,(7,8))),(3,(4,5)))); 262
(1,(2,((3,((6,7),8)),(4,5)))); 205
(1,(2,((3,(4,5)),((6,7),8)))); 198
(1,((2,(3,(4,5))),(6,(7,8)))); 158
(1,(2,(3,(4,(5,((6,7),8)))))); 145
(1,((2,((6,7),8)),(3,(4,5)))); 85
(1,(2,(3,((4,(6,(7,8))),5)))); 71
(1,((2,(3,(4,5))),((6,7),8))); 54
(1,(2,(3,((4,((6,7),8)),5)))); 23
(1,((2,((4,((6,8),7)),5)),3)); 1
(1,((2,((4,5),((6,8),7))),3)); 1
(1,((2,3),((4,5),((6,8),7)))); 1
