translate
       1 Scer,
       2 Spar,
       3 Smik,
       4 Skud,
       5 Sbay,
       6 Scas,
       7 Sklu,
       8 Calb;
(1,(2,(3,(4,(5,(6,(7,8))))))); 37369
(1,(2,((3,(5,(6,(7,8)))),4))); 6514
(1,(2,(3,(4,(5,((6,8),7)))))); 1336
(1,(2,(3,(4,(5,((6,7),8)))))); 1047
(1,(2,(3,((4,(6,(7,8))),5)))); 810
(1,(2,(3,((4,5),(6,(7,8)))))); 747
(1,(2,((3,4),(5,(6,(7,8)))))); 542
(1,(2,((3,(6,(7,8))),(4,5)))); 378
(1,(2,((3,5),(4,(6,(7,8)))))); 260
(1,(2,((3,(5,((6,7),8))),4))); 194
(1,(2,((3,(5,((6,8),7))),4))); 187
(1,(2,((3,(4,5)),(6,(7,8))))); 173
(1,(2,(((3,5),(6,(7,8))),4))); 112
(1,(2,(((3,(6,(7,8))),5),4))); 45
(1,(2,(3,((4,5),((6,8),7))))); 38
(1,(2,(3,((4,((6,8),7)),5)))); 36
(1,(2,(((3,5),4),(6,(7,8))))); 34
(1,(2,(3,((4,((6,7),8)),5)))); 27
(1,(2,((3,4),(5,((6,7),8))))); 24
(1,(2,(3,((4,5),((6,7),8))))); 22
(1,(2,((3,4),(5,((6,8),7))))); 17
(1,(2,((3,5),(4,((6,8),7))))); 14
(1,(2,((3,((6,7),8)),(4,5)))); 8
(1,(2,((3,((6,8),7)),(4,5)))); 8
(1,(2,(((3,4),(6,(7,8))),5))); 7
(1,(2,((3,(4,(6,(7,8)))),5))); 7
(1,(2,(((3,5),((6,7),8)),4))); 6
(1,(2,((3,(4,5)),((6,8),7)))); 6
(1,(2,(((3,4),5),(6,(7,8))))); 5
(1,(2,(((3,((6,7),8)),5),4))); 4
(1,(2,(((3,((6,8),7)),5),4))); 3
(1,(2,(((3,(6,(7,8))),4),5))); 3
(1,(2,(((3,5),((6,8),7)),4))); 3
(1,(2,((3,5),(4,((6,7),8))))); 3
(1,((2,(3,(4,5))),(6,(7,8)))); 2
(1,(2,(((3,5),4),((6,8),7)))); 2
(1,(2,((3,(4,5)),((6,7),8)))); 2
(1,((2,((3,(6,7)),(4,5))),8)); 1
(1,((2,(6,(7,8))),((3,5),4))); 1
(1,(2,((3,(4,((6,7),8))),5))); 1
(1,(2,((3,8),(4,(5,(6,7)))))); 1
(1,(2,(3,(4,((5,8),(6,7)))))); 1
