translate
       1 Scer,
       2 Spar,
       3 Smik,
       4 Skud,
       5 Sbay,
       6 Scas,
       7 Sklu,
       8 Calb;
(1,(2,(3,(4,(5,((6,7),8)))))); 13027
(1,(2,(3,(4,(5,((6,8),7)))))); 8781
(1,(2,(3,(4,(5,(6,(7,8))))))); 8227
(1,(2,(3,((4,5),((6,7),8))))); 4088
(1,(2,(3,((4,((6,7),8)),5)))); 3809
(1,(2,(3,((4,5),(6,(7,8)))))); 2579
(1,(2,(3,((4,(6,(7,8))),5)))); 2500
(1,(2,(3,((4,5),((6,8),7))))); 2454
(1,(2,(3,((4,((6,8),7)),5)))); 2179
(1,(2,((3,((6,7),8)),(4,5)))); 934
(1,(2,((3,(6,(7,8))),(4,5)))); 646
(1,(2,((3,((6,8),7)),(4,5)))); 583
(1,(2,(3,(4,((5,8),(6,7)))))); 52
(1,(2,((3,(4,5)),((6,7),8)))); 43
(1,(2,((3,(4,5)),(6,(7,8))))); 26
(1,(2,(3,((4,(6,7)),(5,8))))); 22
(1,(2,((3,(4,5)),((6,8),7)))); 17
(1,(2,(3,((4,(5,8)),(6,7))))); 8
(1,(2,(3,(((4,5),8),(6,7))))); 3
(1,(2,(3,((4,8),(5,(6,7)))))); 3
(1,((2,(3,(4,5))),((6,7),8))); 2
(1,((2,(6,(7,8))),(3,(4,5)))); 2
(1,(2,((3,(6,7)),(4,(5,8))))); 2
(1,(2,(3,(((4,8),(6,7)),5)))); 2
(1,(2,(3,(((4,8),5),(6,7))))); 2
(1,(2,(3,(4,((5,(6,7)),8))))); 2
(1,((2,((6,8),7)),(3,(4,5)))); 1
(1,((2,(3,(4,(5,(6,7))))),8)); 1
(1,((2,3),((4,((6,7),8)),5))); 1
(1,(2,(3,(((4,(6,7)),5),8)))); 1
(1,(2,(3,(((4,(6,7)),8),5)))); 1
(1,(2,(3,(((4,5),(6,7)),8)))); 1
(1,(2,(3,((4,(5,(6,7))),8)))); 1
