translate
       1 Scer,
       2 Spar,
       3 Smik,
       4 Skud,
       5 Sbay,
       6 Scas,
       7 Sklu,
       8 Calb;
((((((1,2),3),4),5),6),7,8); 12393
(((((1,2),3),4),5),(6,7),8); 4387
((((((1,2),3),4),5),7),6,8); 2863
(((((1,2),3),(4,5)),6),7,8); 163
((((1,2),3),(4,5)),(6,7),8); 95
(((((1,2),3),(4,5)),7),6,8); 40
(((((1,2),(4,5)),3),6),7,8); 10
((1,(3,(4,(5,(6,7))))),2,8); 10
((((1,2),(4,5)),3),(6,7),8); 9
(1,(2,(3,(4,(5,(6,7))))),8); 6
((((((1,2),3),5),4),6),7,8); 5
((1,2),(3,(4,(5,(6,7)))),8); 5
(((((1,2),3),5),4),(6,7),8); 4
(((((1,2),(4,5)),3),7),6,8); 3
((((1,2),3),4),(5,(6,7)),8); 3
((((((1,2),3),5),4),7),6,8); 2
(((1,2),(4,(5,(6,7)))),3,8); 2
