translate
       1 Scer,
       2 Spar,
       3 Smik,
       4 Skud,
       5 Sbay,
       6 Scas,
       7 Sklu,
       8 Calb;
(1,(2,(3,(4,(5,((6,8),7)))))); 38514
(1,(2,(3,(4,(5,(6,(7,8))))))); 4440
(1,((2,(3,(4,5))),((6,8),7))); 1706
(1,(2,(3,((4,5),((6,8),7))))); 1574
(1,(2,(3,(4,(5,((6,7),8)))))); 893
(1,(2,(3,((4,((6,8),7)),5)))); 439
(1,((2,(4,(5,((6,8),7)))),3)); 398
(1,((2,(3,(4,5))),(6,(7,8)))); 266
(1,(2,(3,((4,5),(6,(7,8)))))); 182
(1,(2,((3,((6,8),7)),(4,5)))); 160
(1,((2,(3,(4,(5,(6,7))))),8)); 149
(1,((2,3),(4,(5,((6,8),7))))); 133
(1,(2,(3,((4,8),(5,(6,7)))))); 128
(1,((2,8),(3,(4,(5,(6,7)))))); 117
(1,(2,((3,(4,5)),((6,8),7)))); 113
(1,(2,((3,8),(4,(5,(6,7)))))); 97
(1,(2,(3,((4,(5,(6,7))),8)))); 87
(1,(2,((3,(4,(5,(6,7)))),8))); 72
(1,((2,(3,(4,5))),((6,7),8))); 64
(1,(2,(3,(4,((5,(6,7)),8))))); 64
(1,(2,(3,((4,(6,(7,8))),5)))); 60
(1,((2,(4,(5,(6,(7,8))))),3)); 46
(1,((2,((6,8),7)),(3,(4,5)))); 41
(1,(2,(3,((4,5),((6,7),8))))); 38
(1,((2,((4,5),((6,8),7))),3)); 29
(1,(((2,(4,5)),3),((6,8),7))); 19
(1,(2,((3,(6,(7,8))),(4,5)))); 19
(1,(2,(3,((4,((6,7),8)),5)))); 14
(1,((2,3),(4,(5,(6,(7,8)))))); 13
(1,((2,(4,(5,((6,7),8)))),3)); 10
(1,((2,3),((4,5),((6,8),7)))); 10
(1,((2,(3,((4,8),5))),(6,7))); 9
(1,(2,((3,(4,5)),(6,(7,8))))); 9
(1,(2,(3,(4,((5,8),(6,7)))))); 8
(1,((2,(6,(7,8))),(3,(4,5)))); 7
(1,(2,(3,((4,(5,8)),(6,7))))); 6
(1,(((2,(4,5)),3),(6,(7,8)))); 5
(1,((2,(3,((4,5),8))),(6,7))); 5
(1,(2,((3,(4,5)),((6,7),8)))); 4
(1,(2,(3,(((4,5),8),(6,7))))); 4
(1,(((2,8),(3,(4,5))),(6,7))); 3
(1,((2,((4,((6,8),7)),5)),3)); 3
(1,((2,((4,(6,(7,8))),5)),3)); 3
(1,((2,((4,5),(6,(7,8)))),3)); 3
(1,((2,3),((4,((6,8),7)),5))); 3
(1,((2,3),(4,(5,((6,7),8))))); 3
(1,(2,((3,((6,7),8)),(4,5)))); 3
(1,(2,(3,((4,(6,7)),(5,8))))); 3
(1,(((2,(4,(5,(6,7)))),8),3)); 2
(1,(((2,3),(4,5)),((6,8),7))); 2
(1,((2,(3,((4,(6,7)),5))),8)); 2
(1,((2,(3,((4,5),(6,7)))),8)); 2
(1,((2,(3,(4,(5,8)))),(6,7))); 2
(1,((2,(4,5)),(3,((6,8),7)))); 2
(1,(2,(3,(((4,5),(6,7)),8)))); 2
(1,(2,(3,(((4,8),5),(6,7))))); 2
(1,(((2,((6,8),7)),(4,5)),3)); 1
(1,((2,8),(3,((4,(6,7)),5)))); 1
(1,((2,8),(3,((4,5),(6,7))))); 1
(1,(2,((3,((4,5),8)),(6,7)))); 1
(1,(2,((3,(4,(5,8))),(6,7)))); 1
(1,(2,((3,(6,7)),((4,5),8)))); 1
(1,(2,((3,(6,7)),(4,(5,8))))); 1
(1,(2,((3,8),((4,(6,7)),5)))); 1
