translate
       1 Scer,
       2 Spar,
       3 Smik,
       4 Skud,
       5 Sbay,
       6 Scas,
       7 Sklu,
       8 Calb;
(1,(2,((3,((6,8),7)),(4,5)))); 23367
(1,(2,(3,((4,5),((6,8),7))))); 8418
(1,(2,((3,(6,(7,8))),(4,5)))); 3902
(1,(2,(3,(4,(5,((6,8),7)))))); 2702
(1,(2,((3,(4,5)),((6,8),7)))); 2231
(1,(2,(3,((4,5),(6,(7,8)))))); 2177
(1,(2,(3,(4,(5,(6,(7,8))))))); 1856
(1,(2,(3,((4,((6,8),7)),5)))); 1552
(1,(2,(3,((4,(6,(7,8))),5)))); 1025
(1,(2,((3,((6,7),8)),(4,5)))); 894
(1,(2,(3,((4,5),((6,7),8))))); 546
(1,(2,(3,(4,(5,((6,7),8)))))); 480
(1,(2,((3,(4,5)),(6,(7,8))))); 342
(1,(2,(3,((4,((6,7),8)),5)))); 300
(1,(2,((3,(4,5)),((6,7),8)))); 90
(1,((2,(3,(4,5))),((6,8),7))); 77
(1,((2,((6,8),7)),(3,(4,5)))); 26
(1,((2,(3,(4,5))),(6,(7,8)))); 7
(1,((2,(3,(4,5))),((6,7),8))); 4
(1,((2,(6,(7,8))),(3,(4,5)))); 2
(1,((2,((6,7),8)),(3,(4,5)))); 1
(1,((2,(4,5)),(3,(6,(7,8))))); 1
