translate
       1 Scer,
       2 Spar,
       3 Smik,
       4 Skud,
       5 Sbay,
       6 Scas,
       7 Sklu,
       8 Calb;
(1,(2,((3,(4,5)),(6,(7,8))))); 18169
(1,(2,(3,((4,5),(6,(7,8)))))); 11837
(1,((2,(6,(7,8))),(3,(4,5)))); 7843
(1,(2,((3,(6,(7,8))),(4,5)))); 5525
(1,((2,(3,(4,5))),(6,(7,8)))); 3961
(1,(2,(3,(4,(5,(6,(7,8))))))); 2073
(1,(2,(3,((4,(6,(7,8))),5)))); 561
(1,((2,((4,5),(6,(7,8)))),3)); 8
(1,(2,(((3,4),5),(6,(7,8))))); 5
(1,(2,((3,4),(5,(6,(7,8)))))); 5
(1,((2,(4,5)),(3,(6,(7,8))))); 3
(1,(((2,(4,5)),3),(6,(7,8)))); 2
(1,((2,(3,(6,(7,8)))),(4,5))); 2
(1,((2,(6,(7,8))),((3,4),5))); 2
(1,((2,((3,4),5)),(6,(7,8)))); 1
(1,((2,3),((4,5),(6,(7,8))))); 1
(1,(2,(((3,(6,(7,8))),4),5))); 1
(1,(2,(3,((4,5),((6,8),7))))); 1
