translate
       1 Scer,
       2 Spar,
       3 Smik,
       4 Skud,
       5 Sbay,
       6 Scas,
       7 Sklu,
       8 Calb;
(1,(2,(3,(4,(5,(6,(7,8))))))); 43775
(1,(2,(3,(4,(5,((6,7),8)))))); 3890
(1,(2,(3,(4,(5,((6,8),7)))))); 2176
(1,(2,(3,((4,5),(6,(7,8)))))); 106
(1,(2,(3,((4,5),((6,7),8))))); 22
(1,(2,(3,((4,(6,(7,8))),5)))); 10
(1,(2,((3,(6,(7,8))),(4,5)))); 7
(1,(2,(3,((4,5),((6,8),7))))); 7
(1,(2,((3,(4,5)),(6,(7,8))))); 3
(1,(2,((3,((6,7),8)),(4,5)))); 2
(1,(2,((3,(4,5)),((6,7),8)))); 1
(1,(2,(3,((4,((6,7),8)),5)))); 1
