translate
       1 Scer,
       2 Spar,
       3 Smik,
       4 Skud,
       5 Sbay,
       6 Scas,
       7 Sklu,
       8 Calb;
(1,(2,((3,(4,5)),(6,(7,8))))); 35665
(1,(2,(3,((4,5),(6,(7,8)))))); 11813
(1,((2,(6,(7,8))),(3,(4,5)))); 1315
(1,((2,(3,(4,5))),(6,(7,8)))); 513
(1,(2,(3,(4,(5,(6,(7,8))))))); 328
(1,(2,((3,(6,(7,8))),(4,5)))); 274
(1,(2,(3,((4,(6,(7,8))),5)))); 56
(1,(2,((3,(4,5)),((6,7),8)))); 20
(1,(2,((3,(4,5)),((6,8),7)))); 11
(1,(2,(3,((4,5),((6,7),8))))); 4
(1,((2,((6,7),8)),(3,(4,5)))); 1
