translate
       1 Scer,
       2 Spar,
       3 Smik,
       4 Skud,
       5 Sbay,
       6 Scas,
       7 Sklu,
       8 Calb;
(1,(2,((3,8),(4,(5,(6,7)))))); 33093
(1,(2,(3,(4,(5,(6,(7,8))))))); 4359
(1,((2,(3,(4,(5,(6,7))))),8)); 3390
(1,(2,((3,(4,(5,(6,7)))),8))); 2267
(1,((2,8),(3,(4,(5,(6,7)))))); 1908
(1,(2,(3,((4,8),(5,(6,7)))))); 1104
(1,(2,(3,((4,(5,(6,7))),8)))); 1065
(1,(2,(3,(4,(5,((6,8),7)))))); 938
(1,(2,(3,(4,(5,((6,7),8)))))); 425
(1,(2,(3,(4,((5,(6,7)),8))))); 378
(1,(2,(3,(4,((5,8),(6,7)))))); 372
(1,(2,(((3,8),4),(5,(6,7))))); 154
(1,((2,(4,(5,(6,7)))),(3,8))); 102
(1,(2,((3,4),(5,(6,(7,8)))))); 93
(1,(2,(((3,8),(5,(6,7))),4))); 86
(1,(2,((3,(5,(6,(7,8)))),4))); 39
(1,((2,((3,4),(5,(6,7)))),8)); 29
(1,(2,((3,4),(5,((6,8),7))))); 25
(1,(2,((3,(4,8)),(5,(6,7))))); 22
(1,((2,8),((3,(5,(6,7))),4))); 12
(1,(2,(((3,4),(5,(6,7))),8))); 12
(1,((2,((3,(5,(6,7))),4)),8)); 11
(1,((2,(3,8)),(4,(5,(6,7))))); 11
(1,((2,8),((3,4),(5,(6,7))))); 11
(1,(2,((3,4),(5,((6,7),8))))); 11
(1,(2,(((3,(5,(6,7))),4),8))); 10
(1,(2,((3,((5,(6,7)),8)),4))); 9
(1,(2,((3,4),((5,(6,7)),8)))); 8
(1,(((2,(4,(5,(6,7)))),3),8)); 7
(1,(((2,8),(4,(5,(6,7)))),3)); 7
(1,((2,(4,(5,(6,(7,8))))),3)); 6
(1,(2,((3,(5,((6,8),7))),4))); 6
(1,((2,(4,(5,((6,7),8)))),3)); 4
(1,(2,((3,(5,(6,7))),(4,8)))); 4
(1,((2,((4,(5,(6,7))),8)),3)); 3
(1,((2,(4,((5,8),(6,7)))),3)); 3
(1,(2,(((3,(5,(6,7))),8),4))); 3
(1,(((2,(4,(5,(6,7)))),8),3)); 2
(1,(2,((3,4),((5,8),(6,7))))); 2
(1,(((2,8),3),(4,(5,(6,7))))); 1
(1,((2,(4,(5,((6,8),7)))),3)); 1
(1,((2,3),(4,(5,(6,(7,8)))))); 1
(1,(2,(((3,4),8),(5,(6,7))))); 1
(1,(2,((3,((5,8),(6,7))),4))); 1
(1,(2,((3,(5,((6,7),8))),4))); 1
(1,(2,((3,8),((4,(6,7)),5)))); 1
(1,(2,((3,8),((4,5),(6,7))))); 1
(1,(2,(3,((4,((6,7),8)),5)))); 1
