translate
       1 Scer,
       2 Spar,
       3 Smik,
       4 Skud,
       5 Sbay,
       6 Scas,
       7 Sklu,
       8 Calb;
(1,(2,(3,(4,(5,((6,7),8)))))); 19125
(1,(2,(3,(4,(5,(6,(7,8))))))); 16122
(1,(2,(3,(4,(5,((6,8),7)))))); 10661
(1,(2,(3,((4,5),((6,7),8))))); 1188
(1,(2,(3,((4,5),(6,(7,8)))))); 988
(1,(2,(3,((4,5),((6,8),7))))); 835
(1,(2,(3,((4,((6,7),8)),5)))); 425
(1,(2,(3,((4,(6,(7,8))),5)))); 380
(1,(2,(3,((4,((6,8),7)),5)))); 252
(1,(2,((3,(6,(7,8))),(4,5)))); 8
(1,(2,((3,((6,7),8)),(4,5)))); 7
(1,(2,((3,(4,5)),((6,7),8)))); 3
(1,(2,((3,(4,5)),(6,(7,8))))); 3
(1,(2,((3,(4,5)),((6,8),7)))); 2
(1,(2,((3,((6,8),7)),(4,5)))); 1
