translate
       1 Scer,
       2 Spar,
       3 Smik,
       4 Skud,
       5 Sbay,
       6 Scas,
       7 Sklu,
       8 Calb;
(1,(2,(3,(4,(5,(6,(7,8))))))); 23883
(1,(2,(3,(4,(5,((6,8),7)))))); 22931
(1,(2,(3,(4,(5,((6,7),8)))))); 2101
(1,(2,(3,((4,8),(5,(6,7)))))); 432
(1,(2,((3,8),(4,(5,(6,7)))))); 185
(1,(2,(3,((4,(5,(6,7))),8)))); 155
(1,(2,(3,(4,((5,(6,7)),8))))); 147
(1,(2,((3,(4,(5,(6,7)))),8))); 72
(1,(2,(3,(4,((5,8),(6,7)))))); 26
(1,((2,8),(3,(4,(5,(6,7)))))); 23
(1,((2,(3,(4,(5,(6,7))))),8)); 22
(1,(2,(3,((4,((6,8),7)),5)))); 12
(1,(2,(3,((4,(6,(7,8))),5)))); 6
(1,(2,(3,((4,5),((6,8),7))))); 4
(1,(2,(3,((4,5),((6,7),8))))); 1
