translate
       1 Scer,
       2 Spar,
       3 Smik,
       4 Skud,
       5 Sbay,
       6 Scas,
       7 Sklu,
       8 Calb;
(1,(2,(3,(4,(5,(6,(7,8))))))); 46296
(1,(2,(3,((4,8),(5,(6,7)))))); 1092
(1,(2,(3,(4,(5,((6,8),7)))))); 702
(1,(2,(3,(4,(5,((6,7),8)))))); 459
(1,((2,(3,(4,(5,(6,7))))),8)); 367
(1,(2,((3,(4,(5,(6,7)))),8))); 282
(1,(2,((3,8),(4,(5,(6,7)))))); 271
(1,((2,8),(3,(4,(5,(6,7)))))); 161
(1,(2,(3,(4,((5,(6,7)),8))))); 155
(1,(2,(3,((4,(5,(6,7))),8)))); 150
(1,(2,(3,(4,((5,8),(6,7)))))); 51
(1,(2,(3,((4,5),(6,(7,8)))))); 7
(1,(2,(3,((4,(6,(7,8))),5)))); 5
(1,(2,(3,(((4,8),5),(6,7))))); 1
(1,(2,(3,((4,5),((6,7),8))))); 1
