translate
       1 Scer,
       2 Spar,
       3 Smik,
       4 Skud,
       5 Sbay,
       6 Scas,
       7 Sklu,
       8 Calb;
(1,(2,(3,((4,((6,7),8)),5)))); 9647
(1,(2,(3,(4,(5,((6,7),8)))))); 7058
(1,(2,((3,((6,7),8)),(4,5)))); 4999
(1,(2,(3,(4,(5,(6,(7,8))))))); 4507
(1,(2,(3,(4,(5,((6,8),7)))))); 4045
(1,(2,(3,((4,((6,8),7)),5)))); 3166
(1,(2,(3,((4,(6,(7,8))),5)))); 2777
(1,(2,(3,((4,5),((6,7),8))))); 1702
(1,(2,((3,((6,8),7)),(4,5)))); 1652
(1,(2,((3,(4,5)),((6,7),8)))); 1312
(1,(2,((3,(6,(7,8))),(4,5)))); 1071
(1,(2,(3,((4,5),((6,8),7))))); 778
(1,((2,((6,7),8)),(3,(4,5)))); 652
(1,(2,(3,((4,5),(6,(7,8)))))); 651
(1,((2,(3,(4,5))),((6,7),8))); 596
(1,(2,((3,(4,5)),((6,8),7)))); 550
(1,(2,((3,(4,5)),(6,(7,8))))); 442
(1,(2,(3,(((4,8),(6,7)),5)))); 366
(1,(2,((3,(5,((6,7),8))),4))); 354
(1,((2,(6,(7,8))),(3,(4,5)))); 286
(1,(2,(3,((4,8),(5,(6,7)))))); 268
(1,((2,((6,8),7)),(3,(4,5)))); 252
(1,((2,(3,(4,5))),((6,8),7))); 228
(1,(2,((3,5),(4,((6,7),8))))); 218
(1,((2,(3,(4,5))),(6,(7,8)))); 193
(1,(2,((3,(5,(6,(7,8)))),4))); 171
(1,(2,((3,(5,((6,8),7))),4))); 132
(1,(2,(((3,((6,7),8)),5),4))); 125
(1,(2,(3,(((4,(6,7)),8),5)))); 85
(1,(2,((3,8),(4,(5,(6,7)))))); 79
(1,(2,(3,(((4,8),5),(6,7))))); 69
(1,(2,((3,(6,7)),((4,8),5)))); 57
(1,(2,(((3,8),(6,7)),(4,5)))); 53
(1,(2,((3,8),((4,(6,7)),5)))); 45
(1,(2,((3,((4,8),5)),(6,7)))); 44
(1,((2,(3,((6,7),8))),(4,5))); 43
(1,(2,(3,(4,((5,(6,7)),8))))); 43
(1,((2,(3,(4,(5,(6,7))))),8)); 41
(1,(2,((3,5),(4,((6,8),7))))); 40
(1,(2,(((3,((6,8),7)),5),4))); 39
(1,(2,((3,(7,8)),((4,6),5)))); 33
(1,(2,((3,5),(4,(6,(7,8)))))); 33
(1,(2,((3,4),(5,((6,7),8))))); 32
(1,((2,(6,7)),(3,((4,8),5)))); 30
(1,((2,(6,7)),((3,8),(4,5)))); 28
(1,(2,((3,8),((4,5),(6,7))))); 28
(1,(2,((3,(4,((6,7),8))),5))); 27
(1,((2,(3,((4,(6,7)),5))),8)); 26
(1,((2,8),(3,((4,(6,7)),5)))); 26
(1,(2,(((3,8),(4,5)),(6,7)))); 26
(1,(2,(3,((4,(5,(6,7))),8)))); 26
(1,(2,(((3,((6,7),8)),4),5))); 25
(1,((2,3),((4,((6,7),8)),5))); 23
(1,((2,(3,(5,((6,7),8)))),4)); 21
(1,(2,((3,4),(5,(6,(7,8)))))); 21
(1,(2,(3,(((4,(6,7)),5),8)))); 21
(1,(2,(3,((4,(6,7)),(5,8))))); 21
(1,((2,3),(4,(5,((6,7),8))))); 20
(1,((2,((3,(6,7)),(4,5))),8)); 19
(1,((2,(3,((4,8),5))),(6,7))); 19
(1,((2,8),((3,(6,7)),(4,5)))); 18
(1,(2,(((3,(6,(7,8))),5),4))); 18
(1,(2,((3,4),(5,((6,8),7))))); 18
(1,((2,((3,(4,5)),(6,7))),8)); 16
(1,((2,(3,((4,5),(6,7)))),8)); 16
(1,((2,8),(3,(4,(5,(6,7)))))); 16
(1,(2,(3,(4,((5,8),(6,7)))))); 16
(1,(((2,(6,7)),(3,(4,5))),8)); 15
(1,(2,(3,(((4,5),(6,7)),8)))); 15
(1,((2,(3,(5,((6,8),7)))),4)); 14
(1,(2,(((3,5),4),((6,7),8)))); 14
(1,((2,((6,7),8)),((3,5),4))); 13
(1,(2,((3,(4,(5,(6,7)))),8))); 13
(1,((2,8),((3,(4,5)),(6,7)))); 12
(1,(2,(((3,(6,7)),(4,5)),8))); 12
(1,((2,((3,5),4)),((6,7),8))); 11
(1,((2,((3,8),(4,5))),(6,7))); 11
(1,(2,((3,5),((4,8),(6,7))))); 11
(1,((2,(3,(5,(6,(7,8))))),4)); 10
(1,((2,3),(4,(5,((6,8),7))))); 10
(1,((2,(4,5)),(3,((6,7),8)))); 9
(1,((2,(6,(7,8))),((3,5),4))); 9
(1,(2,(((3,(6,7)),5),(4,8)))); 9
(1,(2,(((3,5),((6,7),8)),4))); 9
(1,(2,(((3,5),((6,8),7)),4))); 9
(1,(2,(((3,8),(5,(6,7))),4))); 9
(1,(2,((3,((4,(6,7)),5)),8))); 9
(1,(((2,8),(3,(4,5))),(6,7))); 8
(1,(2,(((3,(6,7)),8),(4,5)))); 8
(1,(2,(((3,5),4),((6,8),7)))); 8
(1,(2,(3,(((4,5),8),(6,7))))); 8
(1,(2,(3,(((4,6),(7,8)),5)))); 8
(1,(2,(3,((4,(5,8)),(6,7))))); 8
(1,((2,(3,((6,8),7))),(4,5))); 7
(1,((2,(6,7)),((3,(4,5)),8))); 7
(1,((2,3),((4,5),((6,7),8)))); 7
(1,(2,(((3,(6,(7,8))),4),5))); 7
(1,(2,((3,((4,5),(6,7))),8))); 7
(1,(2,(((3,4),5),((6,7),8)))); 6
(1,(2,((3,(4,(5,8))),(6,7)))); 6
(1,(2,((3,(4,(6,(7,8)))),5))); 6
(1,(((2,3),((6,7),8)),(4,5))); 5
(1,((2,((3,5),4)),(6,(7,8)))); 5
(1,((2,8),(3,((4,5),(6,7))))); 5
(1,(2,((3,((4,6),5)),(7,8)))); 5
(1,(2,((3,(5,(6,7))),(4,8)))); 5
(1,(2,((3,(6,7)),(4,(5,8))))); 5
(1,(((2,(3,(4,5))),(6,7)),8)); 4
(1,((2,((6,7),8)),((3,4),5))); 4
(1,((2,(3,(6,(7,8)))),(4,5))); 4
(1,((2,3),(4,(5,(6,(7,8)))))); 4
(1,(2,(((3,(4,5)),(6,7)),8))); 4
(1,(2,(((3,(4,5)),8),(6,7)))); 4
(1,(2,(((3,(7,8)),(4,5)),6))); 4
(1,(2,(((3,5),(6,(7,8))),4))); 4
(1,(2,(((3,5),4),(6,(7,8))))); 4
(1,(2,((3,(4,((6,8),7))),5))); 4
(1,(2,(3,(((4,6),5),(7,8))))); 4
(1,(((2,((6,7),8)),3),(4,5))); 3
(1,(((2,(6,7)),8),(3,(4,5)))); 3
(1,(((2,8),(6,7)),(3,(4,5)))); 3
(1,((2,((3,((6,7),8)),5)),4)); 3
(1,((2,((3,(7,8)),(4,5))),6)); 3
(1,((2,((3,5),((6,8),7))),4)); 3
(1,((2,((6,8),7)),((3,5),4))); 3
(1,((2,(4,((6,7),8))),(3,5))); 3
(1,((2,(4,(5,(6,(7,8))))),3)); 3
(1,((2,3),((4,((6,8),7)),5))); 3
(1,((2,3),((4,(6,(7,8))),5))); 3
(1,((2,3),((4,8),(5,(6,7))))); 3
(1,((2,4),(3,(5,((6,7),8))))); 3
(1,(2,((((3,(6,7)),5),4),8))); 3
(1,(2,(((3,(5,(6,7))),4),8))); 3
(1,(2,(((3,(5,8)),4),(6,7)))); 3
(1,(2,(((3,4),5),((6,8),7)))); 3
(1,(2,((3,((4,5),8)),(6,7)))); 3
(1,(2,((3,(6,7)),((4,5),8)))); 3
(1,(2,(3,((4,6),(5,(7,8)))))); 3
(1,(((2,(6,(7,8))),3),(4,5))); 2
(1,((2,(((3,(6,7)),5),4)),8)); 2
(1,((2,((4,((6,7),8)),5)),3)); 2
(1,((2,(3,((4,6),5))),(7,8))); 2
(1,((2,(3,(4,(5,8)))),(6,7))); 2
(1,((2,(3,5)),(4,((6,7),8)))); 2
(1,((2,(3,5)),(4,(6,(7,8))))); 2
(1,((2,(4,(5,((6,8),7)))),3)); 2
(1,((2,3),((4,5),(6,(7,8))))); 2
(1,((2,7),(3,((4,(6,8)),5)))); 2
(1,(2,((3,((4,(6,8)),5)),7))); 2
(1,(2,((3,((5,(6,7)),8)),4))); 2
(1,(2,((3,(7,8)),(4,(5,6))))); 2
(1,(2,((3,7),(((4,8),6),5)))); 2
(1,(2,((3,7),((4,(6,8)),5)))); 2
(1,(2,(3,(4,((5,6),(7,8)))))); 2
(1,((((2,(6,7)),3),(4,5)),8)); 1
(1,(((2,((3,5),4)),(6,7)),8)); 1
(1,(((2,(3,(4,5))),8),(6,7))); 1
(1,(((2,(6,(7,8))),(3,5)),4)); 1
(1,(((2,3),(4,5)),(6,(7,8)))); 1
(1,(((2,5),(3,((6,8),7))),4)); 1
(1,((2,((3,((6,8),7)),5)),4)); 1
(1,((2,((3,(5,(6,7))),4)),8)); 1
(1,((2,((3,(6,(7,8))),5)),4)); 1
(1,((2,((3,(6,7)),8)),(4,5))); 1
(1,((2,((3,4),5)),((6,7),8))); 1
(1,((2,((3,5),((4,8),7))),6)); 1
(1,((2,((3,5),((6,7),8))),4)); 1
(1,((2,((3,5),(6,(7,8)))),4)); 1
(1,((2,((3,5),4)),((6,8),7))); 1
(1,((2,((4,((6,8),7)),5)),3)); 1
(1,((2,((4,(6,(7,8))),5)),3)); 1
(1,((2,((4,5),(6,(7,8)))),3)); 1
(1,((2,(3,(((4,8),7),5))),6)); 1
(1,((2,(3,((4,5),8))),(6,7))); 1
(1,((2,(3,(5,(6,7)))),(4,8))); 1
(1,((2,(3,5)),((4,8),(6,7)))); 1
(1,((2,(3,5)),(4,((6,8),7)))); 1
(1,((2,(4,(6,(7,8)))),(3,5))); 1
(1,((2,(4,5)),(3,((6,8),7)))); 1
(1,((2,(6,7)),(3,((4,5),8)))); 1
(1,((2,(6,7)),(3,(4,(5,8))))); 1
(1,((2,(7,8)),(3,((4,6),5)))); 1
(1,((2,3),(((4,(6,7)),8),5))); 1
(1,((2,3),((4,5),((6,8),7)))); 1
(1,((2,3),(4,((5,(6,7)),8)))); 1
(1,((2,4),(3,(5,((6,8),7))))); 1
(1,((2,6),((3,(4,5)),(7,8)))); 1
(1,((2,6),((3,(7,8)),(4,5)))); 1
(1,((2,6),(3,((4,(7,8)),5)))); 1
(1,(2,((((3,(6,7)),8),5),4))); 1
(1,(2,((((3,5),4),8),(6,7)))); 1
(1,(2,(((3,(5,(6,7))),8),4))); 1
(1,(2,(((3,(6,7)),(5,8)),4))); 1
(1,(2,(((3,(7,8)),(4,6)),5))); 1
(1,(2,(((3,(7,8)),5),(4,6)))); 1
(1,(2,(((3,4),((6,7),8)),5))); 1
(1,(2,(((3,5),(4,8)),(6,7)))); 1
(1,(2,(((3,5),(6,7)),(4,8)))); 1
(1,(2,(((3,7),(6,8)),(4,5)))); 1
(1,(2,((3,((4,(7,8)),5)),6))); 1
(1,(2,((3,((5,8),(6,7))),4))); 1
(1,(2,((3,(7,8)),((4,5),6)))); 1
(1,(2,((3,5),((4,6),(7,8))))); 1
(1,(2,(3,((4,(7,8)),(5,6))))); 1
