translate
       1 Scer,
       2 Spar,
       3 Smik,
       4 Skud,
       5 Sbay,
       6 Scas,
       7 Sklu,
       8 Calb;
(1,(2,(3,((4,5),(6,(7,8)))))); 35015
(1,(2,(3,(4,(5,(6,(7,8))))))); 9488
(1,(2,(3,((4,5),((6,8),7))))); 2821
(1,(2,((3,(4,5)),(6,(7,8))))); 853
(1,(2,(3,(4,(5,((6,8),7)))))); 676
(1,(2,(3,((4,(6,(7,8))),5)))); 530
(1,(2,((3,(6,(7,8))),(4,5)))); 384
(1,(2,((3,(4,5)),((6,8),7)))); 94
(1,(2,((3,((6,8),7)),(4,5)))); 51
(1,(2,(3,((4,((6,8),7)),5)))); 44
(1,(2,(3,((4,5),((6,7),8))))); 34
(1,(2,(3,(4,(5,((6,7),8)))))); 6
(1,((2,(3,(4,5))),(6,(7,8)))); 1
(1,((2,(6,(7,8))),(3,(4,5)))); 1
(1,(2,((3,((6,7),8)),(4,5)))); 1
(1,(2,((3,(4,5)),((6,7),8)))); 1
