translate
       1 Scer,
       2 Spar,
       3 Smik,
       4 Skud,
       5 Sbay,
       6 Scas,
       7 Sklu,
       8 Calb;
(1,(2,((3,(4,5)),(6,(7,8))))); 27484
(1,(2,((3,(6,(7,8))),(4,5)))); 4420
(1,((2,(6,(7,8))),(3,(4,5)))); 3214
(1,((2,(3,(4,5))),(6,(7,8)))); 3046
(1,(2,((3,(4,5)),((6,8),7)))); 3035
(1,(2,(3,((4,5),(6,(7,8)))))); 2173
(1,(2,(3,(4,(5,(6,(7,8))))))); 1692
(1,(2,(3,((4,(6,(7,8))),5)))); 1210
(1,(2,((3,(4,5)),((6,7),8)))); 1141
(1,(2,((3,((6,8),7)),(4,5)))); 614
(1,((2,(3,(4,5))),((6,8),7))); 382
(1,((2,((6,8),7)),(3,(4,5)))); 322
(1,(2,(3,((4,5),((6,8),7))))); 259
(1,(2,(3,(4,(5,((6,8),7)))))); 235
(1,(2,((3,((6,7),8)),(4,5)))); 217
(1,(2,(3,((4,((6,8),7)),5)))); 144
(1,((2,((6,7),8)),(3,(4,5)))); 130
(1,((2,(3,(4,5))),((6,7),8))); 126
(1,(2,(3,((4,5),((6,7),8))))); 69
(1,(2,(3,(4,(5,((6,7),8)))))); 53
(1,(2,(3,((4,((6,7),8)),5)))); 34
