translate
       1 Scer,
       2 Spar,
       3 Smik,
       4 Skud,
       5 Sbay,
       6 Scas,
       7 Sklu,
       8 Calb;
(1,(2,(3,(4,(5,((6,7),8)))))); 25391
(1,(2,(3,((4,((6,7),8)),5)))); 11235
(1,(2,(3,((4,5),((6,7),8))))); 11016
(1,(2,(3,(4,(5,(6,(7,8))))))); 400
(1,((2,(3,(4,5))),((6,7),8))); 392
(1,(2,(3,((4,5),(6,(7,8)))))); 228
(1,(2,(3,((4,8),(5,(6,7)))))); 202
(1,(2,(3,((4,(6,(7,8))),5)))); 179
(1,(2,(3,(4,(5,((6,8),7)))))); 163
(1,(2,(3,(((4,8),5),(6,7))))); 102
(1,(2,((3,(4,5)),((6,7),8)))); 89
(1,(2,(3,((4,5),((6,8),7))))); 78
(1,(2,((3,((6,7),8)),(4,5)))); 76
(1,(2,(3,(4,((5,(6,7)),8))))); 71
(1,(2,(3,((4,((6,8),7)),5)))); 57
(1,(2,(3,(4,((5,8),(6,7)))))); 49
(1,(2,(3,(((4,8),(6,7)),5)))); 47
(1,(2,(3,((4,(6,7)),(5,8))))); 35
(1,(2,(3,((4,(5,8)),(6,7))))); 28
(1,(2,(3,((4,(5,(6,7))),8)))); 23
(1,((2,3),((4,5),((6,7),8)))); 20
(1,(2,(3,(((4,(6,7)),8),5)))); 17
(1,((2,(3,(4,5))),(6,(7,8)))); 15
(1,(2,(3,(((4,5),8),(6,7))))); 15
(1,((2,3),(4,(5,((6,7),8))))); 12
(1,((2,(3,((4,8),5))),(6,7))); 11
(1,((2,((6,7),8)),(3,(4,5)))); 8
(1,((2,3),((4,((6,7),8)),5))); 8
(1,((2,(4,(5,((6,7),8)))),3)); 6
(1,((2,(3,(4,5))),((6,8),7))); 5
(1,((2,(3,(4,(5,8)))),(6,7))); 2
(1,((2,(6,(7,8))),(3,(4,5)))); 2
(1,(2,((3,((4,(6,7)),5)),8))); 2
(1,(2,((3,(6,(7,8))),(4,5)))); 2
(1,(2,(3,(((4,(6,7)),5),8)))); 2
(1,(((2,(4,5)),3),((6,7),8))); 1
(1,((2,((4,((6,7),8)),5)),3)); 1
(1,((2,((4,5),((6,7),8))),3)); 1
(1,((2,((6,8),7)),(3,(4,5)))); 1
(1,((2,(6,7)),(3,(4,(5,8))))); 1
(1,((2,3),((4,(6,(7,8))),5))); 1
(1,(2,((3,(4,5)),((6,8),7)))); 1
(1,(2,((3,(4,5)),(6,(7,8))))); 1
(1,(2,((3,(6,7)),((4,5),8)))); 1
(1,(2,((3,5),(4,((6,7),8))))); 1
(1,(2,((3,8),((4,5),(6,7))))); 1
(1,(2,(3,(((4,5),(6,7)),8)))); 1
