translate
       1 Scer,
       2 Spar,
       3 Smik,
       4 Skud,
       5 Sbay,
       6 Scas,
       7 Sklu,
       8 Calb;
(1,(2,(3,((4,(6,(7,8))),5)))); 29946
(1,(2,((3,(6,(7,8))),(4,5)))); 11634
(1,(2,(3,(4,(5,(6,(7,8))))))); 4503
(1,(2,(3,((4,5),(6,(7,8)))))); 3037
(1,(2,((3,(4,5)),(6,(7,8))))); 532
(1,(2,(3,((4,((6,7),8)),5)))); 149
(1,(2,(3,((4,((6,8),7)),5)))); 81
(1,(2,((3,((6,7),8)),(4,5)))); 50
(1,(2,((3,((6,8),7)),(4,5)))); 24
(1,(2,(3,(4,(5,((6,7),8)))))); 16
(1,((2,(3,(4,5))),(6,(7,8)))); 8
(1,(2,(3,((4,5),((6,7),8))))); 6
(1,(2,(3,((4,5),((6,8),7))))); 5
(1,(2,(3,(4,(5,((6,8),7)))))); 4
(1,(2,((3,5),(4,(6,(7,8)))))); 3
(1,(2,((3,(4,5)),((6,8),7)))); 2
