translate
       1 Scer,
       2 Spar,
       3 Smik,
       4 Skud,
       5 Sbay,
       6 Scas,
       7 Sklu,
       8 Calb;
(1,(2,(3,(4,(5,(6,(7,8))))))); 21141
(1,(2,(3,(4,(5,((6,8),7)))))); 10563
(1,(2,(3,((4,5),(6,(7,8)))))); 3845
(1,(2,((3,(6,(7,8))),(4,5)))); 3635
(1,(2,(3,((4,5),((6,8),7))))); 2108
(1,((2,(3,(4,5))),(6,(7,8)))); 1817
(1,(2,((3,((6,8),7)),(4,5)))); 1535
(1,(2,(3,((4,(6,(7,8))),5)))); 1044
(1,((2,(3,(4,5))),((6,8),7))); 931
(1,(2,(3,(4,(5,((6,7),8)))))); 765
(1,(2,((3,(4,5)),(6,(7,8))))); 722
(1,(2,(3,((4,((6,8),7)),5)))); 620
(1,(2,((3,(4,5)),((6,8),7)))); 384
(1,((2,(6,(7,8))),(3,(4,5)))); 231
(1,(2,(3,((4,5),((6,7),8))))); 187
(1,(2,((3,((6,7),8)),(4,5)))); 149
(1,((2,((6,8),7)),(3,(4,5)))); 130
(1,((2,(3,(4,5))),((6,7),8))); 91
(1,(2,(3,((4,((6,7),8)),5)))); 58
(1,(2,((3,(4,5)),((6,7),8)))); 39
(1,((2,(4,(5,(6,(7,8))))),3)); 2
(1,((2,((6,7),8)),(3,(4,5)))); 1
(1,((2,(3,(6,(7,8)))),(4,5))); 1
(1,((2,(4,(5,((6,8),7)))),3)); 1
