translate
       1 Scer,
       2 Spar,
       3 Smik,
       4 Skud,
       5 Sbay,
       6 Scas,
       7 Sklu,
       8 Calb;
(1,(2,(3,((4,((6,8),7)),5)))); 31471
(1,(2,(3,(4,(5,((6,8),7)))))); 10199
(1,(2,(3,((4,5),((6,8),7))))); 3218
(1,(2,(3,((4,(6,(7,8))),5)))); 2006
(1,(2,(3,((4,((6,7),8)),5)))); 892
(1,(2,(3,(4,(5,(6,(7,8))))))); 771
(1,(2,((3,((6,8),7)),(4,5)))); 609
(1,(2,(3,(4,(5,((6,7),8)))))); 408
(1,(2,(3,((4,5),(6,(7,8)))))); 194
(1,(2,(3,((4,5),((6,7),8))))); 101
(1,(2,((3,(6,(7,8))),(4,5)))); 56
(1,(2,((3,((6,7),8)),(4,5)))); 41
(1,(2,((3,(4,5)),((6,8),7)))); 33
(1,(2,((3,(4,5)),(6,(7,8))))); 1
