translate
       1 Scer,
       2 Spar,
       3 Smik,
       4 Skud,
       5 Sbay,
       6 Scas,
       7 Sklu,
       8 Calb;
(1,(2,(3,(4,(5,(6,(7,8))))))); 42712
(1,(2,(3,((4,(6,(7,8))),5)))); 6188
(1,(2,(3,(4,(5,((6,8),7)))))); 557
(1,(2,((3,(5,(6,(7,8)))),4))); 193
(1,(2,(3,((4,((6,8),7)),5)))); 131
(1,(2,(3,(4,(5,((6,7),8)))))); 77
(1,(2,((3,4),(5,(6,(7,8)))))); 63
(1,(2,(3,((4,5),(6,(7,8)))))); 29
(1,(2,((3,5),(4,(6,(7,8)))))); 26
(1,(2,(3,((4,((6,7),8)),5)))); 20
(1,(2,((3,(4,(6,(7,8)))),5))); 3
(1,(2,((3,(6,(7,8))),(4,5)))); 1
