translate
       1 Scer,
       2 Spar,
       3 Smik,
       4 Skud,
       5 Sbay,
       6 Scas,
       7 Sklu,
       8 Calb;
(1,(2,(3,(4,(5,(6,(7,8))))))); 46998
(1,(2,(3,(4,(5,((6,8),7)))))); 1075
(1,(2,(3,(4,(5,((6,7),8)))))); 1037
(1,(2,(3,((4,(6,(7,8))),5)))); 495
(1,(2,(3,((4,5),(6,(7,8)))))); 322
(1,(2,(3,((4,5),((6,8),7))))); 23
(1,(2,(3,((4,((6,8),7)),5)))); 19
(1,(2,((3,(6,(7,8))),(4,5)))); 11
(1,(2,(3,((4,((6,7),8)),5)))); 8
(1,(2,(3,((4,5),((6,7),8))))); 5
(1,(2,((3,(4,5)),(6,(7,8))))); 3
(1,(2,((3,((6,7),8)),(4,5)))); 2
(1,((2,(6,(7,8))),(3,(4,5)))); 1
(1,(2,((3,(4,5)),((6,7),8)))); 1
