translate
       1 Scer,
       2 Spar,
       3 Smik,
       4 Skud,
       5 Sbay,
       6 Scas,
       7 Sklu,
       8 Calb;
(1,(2,(3,((4,5),(6,(7,8)))))); 17756
(1,((2,(6,(7,8))),(3,(4,5)))); 11921
(1,(2,(3,((4,(6,(7,8))),5)))); 9864
(1,(2,(3,(4,(5,(6,(7,8))))))); 4434
(1,(2,((3,(4,5)),(6,(7,8))))); 3486
(1,((2,(3,(4,5))),(6,(7,8)))); 774
(1,((2,((6,7),8)),(3,(4,5)))); 606
(1,(2,(3,((4,5),((6,7),8))))); 373
(1,(2,((3,(4,5)),((6,7),8)))); 161
(1,(2,(3,((4,((6,7),8)),5)))); 150
(1,(2,(3,((4,5),((6,8),7))))); 96
(1,(2,(3,(4,(5,((6,7),8)))))); 71
(1,((2,((6,8),7)),(3,(4,5)))); 67
(1,(2,((3,(6,(7,8))),(4,5)))); 67
(1,(2,(3,((4,((6,8),7)),5)))); 53
(1,(2,((3,(4,5)),((6,8),7)))); 36
(1,(2,(3,(4,(5,((6,8),7)))))); 26
(1,((2,(3,(4,5))),((6,7),8))); 24
(1,((2,(3,((4,5),(6,7)))),8)); 6
(1,((2,8),(3,((4,5),(6,7))))); 6
(1,(2,((3,((4,(6,7)),5)),8))); 5
(1,((2,(3,((4,(6,7)),5))),8)); 4
(1,(((2,(6,7)),(3,(4,5))),8)); 3
(1,((2,(3,(4,5))),((6,8),7))); 3
(1,(2,((3,((6,7),8)),(4,5)))); 3
(1,(2,((3,8),((4,(6,7)),5)))); 2
(1,((2,(3,(4,(5,(6,7))))),8)); 1
(1,(2,((3,((4,5),(6,7))),8))); 1
(1,(2,(3,(4,((5,8),(6,7)))))); 1
