translate
       1 Scer,
       2 Spar,
       3 Smik,
       4 Skud,
       5 Sbay,
       6 Scas,
       7 Sklu,
       8 Calb;
(1,(2,(3,((4,5),(6,(7,8)))))); 27985
(1,(2,((3,(6,(7,8))),(4,5)))); 8249
(1,((2,(3,(4,5))),(6,(7,8)))); 6841
(1,(2,(3,((4,(6,(7,8))),5)))); 2696
(1,(2,((3,(4,5)),(6,(7,8))))); 2543
(1,(2,(3,(4,(5,(6,(7,8))))))); 747
(1,((2,(6,(7,8))),(3,(4,5)))); 491
(1,(2,(3,((4,5),((6,8),7))))); 206
(1,(2,((3,((6,8),7)),(4,5)))); 44
(1,(2,((3,(4,5)),((6,8),7)))); 31
(1,((2,(3,(4,5))),((6,8),7))); 30
(1,(2,(3,((4,5),((6,7),8))))); 29
(1,(2,(3,((4,((6,8),7)),5)))); 17
(1,(2,((3,((6,7),8)),(4,5)))); 11
(1,(2,(3,(4,(5,((6,8),7)))))); 10
(1,(((2,(4,5)),3),(6,(7,8)))); 9
(1,(((2,3),(4,5)),(6,(7,8)))); 9
(1,((2,(3,(4,5))),((6,7),8))); 8
(1,((2,(3,(6,(7,8)))),(4,5))); 8
(1,(2,((3,(4,5)),((6,7),8)))); 7
(1,((2,3),((4,5),(6,(7,8))))); 6
(1,(2,(3,((4,((6,7),8)),5)))); 5
(1,((2,((4,(6,(7,8))),5)),3)); 4
(1,((2,(4,5)),(3,(6,(7,8))))); 4
(1,((2,((4,5),(6,(7,8)))),3)); 3
(1,(((2,(6,(7,8))),3),(4,5))); 2
(1,((2,((6,7),8)),(3,(4,5)))); 2
(1,(((2,(6,(7,8))),(4,5)),3)); 1
(1,((2,3),((4,(6,(7,8))),5))); 1
(1,((2,3),(4,(5,(6,(7,8)))))); 1
