translate
       1 Scer,
       2 Spar,
       3 Smik,
       4 Skud,
       5 Sbay,
       6 Scas,
       7 Sklu,
       8 Calb;
(1,(2,(3,((4,(6,(7,8))),5)))); 27755
(1,(2,(3,(4,(5,(6,(7,8))))))); 14976
(1,(2,(3,((4,5),(6,(7,8)))))); 6968
(1,(2,((3,(6,(7,8))),(4,5)))); 274
(1,((2,(3,((4,6),5))),(7,8))); 8
(1,(2,((3,(4,5)),(6,(7,8))))); 6
(1,((2,(3,(4,(5,6)))),(7,8))); 3
(1,(2,((3,8),((4,(6,7)),5)))); 2
(1,(2,(3,((4,((6,8),7)),5)))); 2
(1,((2,(3,((4,5),6))),(7,8))); 1
(1,(2,((3,(7,8)),((4,6),5)))); 1
(1,(2,(3,(((4,(6,7)),5),8)))); 1
(1,(2,(3,((4,((6,7),8)),5)))); 1
(1,(2,(3,((4,5),((6,7),8))))); 1
(1,(2,(3,(4,(5,((6,8),7)))))); 1
