translate
       1 Scer,
       2 Spar,
       3 Smik,
       4 Skud,
       5 Sbay,
       6 Scas,
       7 Sklu,
       8 Calb;
(1,(2,(3,(4,(5,((6,8),7)))))); 17566
(1,(2,(3,((4,5),((6,8),7))))); 15239
(1,(2,(3,((4,((6,8),7)),5)))); 7083
(1,(2,(3,((4,5),((6,7),8))))); 2251
(1,(2,(3,(4,(5,((6,7),8)))))); 2207
(1,(2,((3,((6,8),7)),(4,5)))); 1027
(1,(2,(3,((4,((6,7),8)),5)))); 1027
(1,((2,((6,8),7)),(3,(4,5)))); 1022
(1,(2,(3,(4,(5,(6,(7,8))))))); 754
(1,(2,(3,((4,5),(6,(7,8)))))); 660
(1,(2,(3,((4,(6,(7,8))),5)))); 309
(1,(2,((3,((6,7),8)),(4,5)))); 274
(1,((2,((6,7),8)),(3,(4,5)))); 209
(1,(2,((3,(4,5)),((6,8),7)))); 157
(1,(2,((3,(6,(7,8))),(4,5)))); 79
(1,((2,(6,(7,8))),(3,(4,5)))); 61
(1,((2,(3,(4,5))),((6,8),7))); 28
(1,(2,((3,(4,5)),((6,7),8)))); 28
(1,((2,(3,(4,5))),((6,7),8))); 10
(1,(2,((3,(4,5)),(6,(7,8))))); 5
(1,((2,3),(4,(5,((6,8),7))))); 2
(1,((2,(3,(4,5))),(6,(7,8)))); 1
(1,(2,(3,(((4,8),5),(6,7))))); 1
