translate
       1 Scer,
       2 Spar,
       3 Smik,
       4 Skud,
       5 Sbay,
       6 Scas,
       7 Sklu,
       8 Calb;
(1,(2,(3,(4,(5,((6,7),8)))))); 24239
(1,(2,(3,(4,(5,(6,(7,8))))))); 15000
(1,(2,(3,(4,(5,((6,8),7)))))); 2983
(1,(2,(3,((4,5),((6,7),8))))); 2590
(1,(2,((3,((6,7),8)),(4,5)))); 2537
(1,(2,((3,(6,(7,8))),(4,5)))); 1097
(1,(2,(3,((4,5),(6,(7,8)))))); 995
(1,(2,(3,((4,5),((6,8),7))))); 163
(1,(2,(3,((4,((6,7),8)),5)))); 145
(1,(2,((3,((6,8),7)),(4,5)))); 96
(1,(2,((3,(4,5)),((6,7),8)))); 66
(1,(2,(3,((4,(6,(7,8))),5)))); 51
(1,(2,((3,(4,5)),(6,(7,8))))); 22
(1,(2,(3,((4,((6,8),7)),5)))); 15
(1,(2,((3,(4,5)),((6,8),7)))); 1
