translate
       1 Scer,
       2 Spar,
       3 Smik,
       4 Skud,
       5 Sbay,
       6 Scas,
       7 Sklu,
       8 Calb;
(1,((2,(3,(4,5))),(6,(7,8)))); 25265
(1,((2,(3,(4,5))),((6,7),8))); 6210
(1,((2,(3,(4,5))),((6,8),7))); 5855
(1,(2,((3,(4,5)),(6,(7,8))))); 4538
(1,(2,((3,(6,(7,8))),(4,5)))); 3013
(1,(2,((3,(4,5)),((6,7),8)))); 877
(1,(2,((3,(4,5)),((6,8),7)))); 846
(1,(2,(3,((4,5),(6,(7,8)))))); 499
(1,(2,((3,((6,7),8)),(4,5)))); 486
(1,((2,(6,(7,8))),(3,(4,5)))); 476
(1,(2,((3,((6,8),7)),(4,5)))); 449
(1,(2,(3,(4,(5,(6,(7,8))))))); 212
(1,((2,((3,(4,5)),8)),(6,7))); 118
(1,((2,(3,(4,(5,8)))),(6,7))); 117
(1,((2,((6,7),8)),(3,(4,5)))); 107
(1,((2,((6,8),7)),(3,(4,5)))); 106
(1,(((2,(3,(4,5))),8),(6,7))); 97
(1,(((2,(3,(4,5))),(6,7)),8)); 93
(1,(2,(3,((4,5),((6,8),7))))); 92
(1,(2,(3,((4,5),((6,7),8))))); 80
(1,(2,(3,(4,(5,((6,7),8)))))); 44
(1,(((2,8),(3,(4,5))),(6,7))); 43
(1,((2,((3,8),(4,5))),(6,7))); 42
(1,((2,(3,((4,5),8))),(6,7))); 34
(1,((2,((3,(4,5)),(6,7))),8)); 32
(1,((2,8),((3,(4,5)),(6,7)))); 29
(1,(2,(3,(4,(5,((6,8),7)))))); 23
(1,(2,((3,(4,(5,8))),(6,7)))); 21
(1,(2,(((3,(4,5)),8),(6,7)))); 17
(1,(2,(((3,8),(4,5)),(6,7)))); 17
(1,((2,(3,((4,8),5))),(6,7))); 16
(1,(2,((3,((4,5),8)),(6,7)))); 13
(1,(2,((3,(6,7)),(4,(5,8))))); 13
(1,(2,(((3,(4,5)),(6,7)),8))); 12
(1,((2,8),((3,(6,7)),(4,5)))); 10
(1,((2,((3,(6,7)),(4,5))),8)); 8
(1,(2,(3,(4,((5,8),(6,7)))))); 7
(1,(2,(((3,(6,7)),8),(4,5)))); 6
(1,(2,((3,((4,8),5)),(6,7)))); 6
(1,(2,(3,((4,(6,(7,8))),5)))); 6
(1,((2,(3,((4,5),(6,7)))),8)); 5
(1,((2,(6,7)),((3,(4,5)),8))); 5
(1,(2,(((3,(6,7)),(4,5)),8))); 5
(1,(2,((3,(4,(5,(6,7)))),8))); 5
(1,(2,((3,(6,7)),((4,5),8)))); 5
(1,(2,(3,((4,((6,8),7)),5)))); 4
(1,(2,(3,((4,(5,(6,7))),8)))); 4
(1,(((2,(6,7)),(3,(4,5))),8)); 3
(1,(((2,8),(6,7)),(3,(4,5)))); 3
(1,(2,(((3,8),(6,7)),(4,5)))); 3
(1,(2,((3,8),((4,5),(6,7))))); 3
(1,(2,((3,8),(4,(5,(6,7)))))); 3
(1,((2,(6,7)),(3,((4,5),8)))); 2
(1,((2,8),(3,((4,5),(6,7))))); 2
(1,(2,((3,((4,5),(6,7))),8))); 2
(1,(2,(3,((4,(5,8)),(6,7))))); 2
(1,(((2,(6,7)),8),(3,(4,5)))); 1
(1,(((2,3),(4,5)),(6,(7,8)))); 1
(1,((2,(3,(4,(5,(6,7))))),8)); 1
(1,((2,(6,7)),((3,8),(4,5)))); 1
(1,((2,(6,7)),(3,(4,(5,8))))); 1
(1,((2,8),(3,(4,(5,(6,7)))))); 1
(1,(2,(3,(((4,5),8),(6,7))))); 1
(1,(2,(3,((4,((6,7),8)),5)))); 1
(1,(2,(3,(4,((5,(6,7)),8))))); 1
