translate
       1 Scer,
       2 Spar,
       3 Smik,
       4 Skud,
       5 Sbay,
       6 Scas,
       7 Sklu,
       8 Calb;
(1,(2,(3,(4,(5,((6,8),7)))))); 19405
(1,(2,(3,(4,(5,(6,(7,8))))))); 4614
(1,(2,(3,(4,(5,((6,7),8)))))); 4360
(1,(2,(3,((4,((6,8),7)),5)))); 3693
(1,(2,((3,(4,5)),((6,8),7)))); 3347
(1,(2,((3,((6,8),7)),(4,5)))); 2882
(1,(2,(3,((4,5),((6,8),7))))); 1532
(1,(2,((3,(4,5)),((6,7),8)))); 1493
(1,(2,((3,(4,5)),(6,(7,8))))); 1081
(1,(2,(3,((4,((6,7),8)),5)))); 1076
(1,(2,((3,(6,(7,8))),(4,5)))); 1021
(1,(2,(3,((4,(6,(7,8))),5)))); 977
(1,((2,((6,8),7)),(3,(4,5)))); 918
(1,(2,((3,((6,7),8)),(4,5)))); 918
(1,(2,(3,((4,5),((6,7),8))))); 517
(1,(2,(3,((4,5),(6,(7,8)))))); 514
(1,((2,((6,7),8)),(3,(4,5)))); 479
(1,((2,(3,(4,5))),((6,8),7))); 441
(1,((2,(3,(4,5))),((6,7),8))); 271
(1,((2,(6,(7,8))),(3,(4,5)))); 245
(1,((2,(3,(4,5))),(6,(7,8)))); 122
(1,(2,((3,(5,((6,8),7))),4))); 31
(1,(2,((3,4),(5,((6,8),7))))); 16
(1,(2,((3,(5,((6,7),8))),4))); 11
(1,(2,((3,5),(4,((6,8),7))))); 7
(1,(2,((3,(5,(6,(7,8)))),4))); 6
(1,(2,((3,4),(5,((6,7),8))))); 4
(1,(2,((3,4),(5,(6,(7,8)))))); 4
(1,(2,((3,5),(4,(6,(7,8)))))); 4
(1,(2,((3,5),(4,((6,7),8))))); 3
(1,(2,(((3,5),4),((6,8),7)))); 2
(1,(2,(((3,5),4),(6,(7,8))))); 2
(1,(2,(((3,((6,8),7)),5),4))); 1
(1,(2,(((3,5),((6,8),7)),4))); 1
(1,(2,((3,(4,((6,8),7))),5))); 1
(1,(2,((3,(4,(6,(7,8)))),5))); 1
