translate
       1 Scer,
       2 Spar,
       3 Smik,
       4 Skud,
       5 Sbay,
       6 Scas,
       7 Sklu,
       8 Calb;
(1,(2,((3,((6,7),8)),(4,5)))); 30993
(1,(2,(3,((4,5),((6,7),8))))); 4041
(1,((2,(3,(4,5))),((6,7),8))); 3885
(1,((2,((3,(6,7)),(4,5))),8)); 1117
(1,(2,(3,((4,((6,7),8)),5)))); 851
(1,((2,8),((3,(6,7)),(4,5)))); 821
(1,(2,((3,(4,5)),((6,7),8)))); 753
(1,(2,((3,((6,8),7)),(4,5)))); 712
(1,(2,(3,(4,(5,((6,7),8)))))); 708
(1,((2,((3,5),4)),((6,7),8))); 682
(1,(2,((3,(6,(7,8))),(4,5)))); 578
(1,(2,(((3,8),(6,7)),(4,5)))); 513
(1,(2,((3,(6,7)),((4,8),5)))); 487
(1,((2,(4,5)),(3,((6,7),8)))); 454
(1,((2,((6,7),8)),(3,(4,5)))); 361
(1,(2,(((3,((6,7),8)),4),5))); 260
(1,(2,(((3,5),4),((6,7),8)))); 243
(1,(2,(((3,(6,7)),8),(4,5)))); 182
(1,(2,(((3,((6,7),8)),5),4))); 154
(1,(2,((3,5),(4,((6,7),8))))); 143
(1,((2,(3,((4,5),(6,7)))),8)); 135
(1,((2,(3,((6,7),8))),(4,5))); 122
(1,(2,(((3,(6,7)),(4,5)),8))); 98
(1,(2,((3,(6,7)),((4,5),8)))); 98
(1,(2,((3,(6,7)),(4,(5,8))))); 91
(1,(2,(3,((4,5),(6,(7,8)))))); 79
(1,(2,(3,(((4,8),5),(6,7))))); 77
(1,((2,8),(3,((4,5),(6,7))))); 74
(1,(2,((3,8),((4,5),(6,7))))); 68
(1,(2,(((3,5),((6,7),8)),4))); 67
(1,(2,(3,((4,5),((6,8),7))))); 66
(1,((2,((6,7),8)),((3,5),4))); 62
(1,((2,3),((4,5),((6,7),8)))); 45
(1,(((2,8),(3,(4,5))),(6,7))); 44
(1,(((2,3),(4,5)),((6,7),8))); 43
(1,(((2,(4,5)),3),((6,7),8))); 42
(1,((2,(3,(4,5))),(6,(7,8)))); 39
(1,((2,(3,(4,5))),((6,8),7))); 36
(1,(((2,(3,(4,5))),(6,7)),8)); 32
(1,((2,((3,(4,5)),(6,7))),8)); 29
(1,((2,8),((3,(4,5)),(6,7)))); 29
(1,(2,(3,((4,8),(5,(6,7)))))); 23
(1,((2,(3,((4,(6,7)),5))),8)); 22
(1,(2,(3,((4,((6,8),7)),5)))); 19
(1,(2,(3,(4,(5,((6,8),7)))))); 19
(1,((2,((4,5),((6,7),8))),3)); 18
(1,(2,((3,8),((4,(6,7)),5)))); 18
(1,(((2,8),(4,5)),(3,(6,7)))); 17
(1,((2,((3,8),(4,5))),(6,7))); 17
(1,(2,(3,(4,(5,(6,(7,8))))))); 16
(1,(((2,(3,(4,5))),8),(6,7))); 15
(1,(2,(3,(((4,8),(6,7)),5)))); 15
(1,((2,(3,(4,(5,(6,7))))),8)); 13
(1,((2,8),(((3,(6,7)),4),5))); 13
(1,((2,8),(3,(4,(5,(6,7)))))); 13
(1,(2,(3,(((4,5),8),(6,7))))); 13
(1,((2,3),((4,((6,7),8)),5))); 12
(1,((2,8),(((3,(6,7)),5),4))); 12
(1,(2,(3,(((4,5),(6,7)),8)))); 12
(1,(2,(3,((4,(5,8)),(6,7))))); 12
(1,(((2,(4,5)),(3,(6,7))),8)); 11
(1,((2,((3,4),5)),((6,7),8))); 11
(1,((2,8),(3,((4,(6,7)),5)))); 11
(1,(2,(3,((4,(6,(7,8))),5)))); 11
(1,(((2,((3,5),4)),(6,7)),8)); 10
(1,((2,(((3,(6,7)),5),4)),8)); 10
(1,(((2,(6,7)),(3,(4,5))),8)); 9
(1,(2,(((3,(6,7)),5),(4,8)))); 9
(1,(2,(((3,8),(4,5)),(6,7)))); 9
(1,((2,(((3,(6,7)),4),5)),8)); 8
(1,((2,(3,((4,8),5))),(6,7))); 8
(1,(2,(((3,(6,(7,8))),4),5))); 8
(1,(2,(((3,4),5),((6,7),8)))); 8
(1,(2,((3,((4,5),(6,7))),8))); 8
(1,((2,(4,5)),((3,8),(6,7)))); 7
(1,((2,3),(4,(5,((6,7),8))))); 7
(1,(2,(((3,((6,8),7)),4),5))); 7
(1,(2,((3,(4,5)),(6,(7,8))))); 7
(1,((2,((3,5),(4,(6,7)))),8)); 6
(1,((2,(4,5)),((3,(6,7)),8))); 6
(1,(2,(((3,5),(4,8)),(6,7)))); 6
(1,(2,((3,(4,5)),((6,8),7)))); 6
(1,(2,((3,8),(4,(5,(6,7)))))); 6
(1,(2,(3,(4,((5,8),(6,7)))))); 6
(1,(((2,((3,5),4)),8),(6,7))); 5
(1,((2,(((3,8),5),4)),(6,7))); 5
(1,((2,((4,8),5)),(3,(6,7)))); 5
(1,((2,((6,8),7)),(3,(4,5)))); 5
(1,(2,(((3,5),4),(6,(7,8))))); 5
(1,(2,((3,(4,((6,7),8))),5))); 5
(1,(2,(3,((4,(6,7)),(5,8))))); 5
(1,(((2,(3,(6,7))),(4,5)),8)); 4
(1,(((2,8),((3,5),4)),(6,7))); 4
(1,(((2,8),(6,7)),(3,(4,5)))); 4
(1,((2,(((3,5),4),(6,7))),8)); 4
(1,((2,((3,(4,5)),8)),(6,7))); 4
(1,((2,((3,5),4)),((6,8),7))); 4
(1,((2,(4,(5,((6,7),8)))),3)); 4
(1,((2,(4,5)),(3,(6,(7,8))))); 4
(1,((2,3),(((4,5),(6,7)),8))); 4
(1,((2,8),((3,5),(4,(6,7))))); 4
(1,(2,((((3,8),(6,7)),4),5))); 4
(1,(2,(((3,(6,7)),(4,8)),5))); 4
(1,(2,(((3,4),((6,7),8)),5))); 4
(1,(2,((3,((4,8),5)),(6,7)))); 4
(1,(((2,((6,7),8)),(4,5)),3)); 3
(1,(((2,(6,7)),((3,5),4)),8)); 3
(1,((2,(((3,5),(6,7)),4)),8)); 3
(1,((2,(6,(7,8))),((3,5),4))); 3
(1,((2,8),(((3,5),4),(6,7)))); 3
(1,(2,(((3,((6,8),7)),5),4))); 3
(1,(2,(((3,(6,(7,8))),5),4))); 3
(1,(2,((3,(4,(5,(6,7)))),8))); 3
(1,((((2,8),(4,5)),3),(6,7))); 2
(1,((((2,8),3),(4,5)),(6,7))); 2
(1,(((2,(4,5)),((6,7),8)),3)); 2
(1,(((2,(4,5)),8),(3,(6,7)))); 2
(1,((2,(((3,5),4),8)),(6,7))); 2
(1,((2,((3,(6,7)),8)),(4,5))); 2
(1,((2,((3,8),(6,7))),(4,5))); 2
(1,((2,((4,5),8)),(3,(6,7)))); 2
(1,((2,((6,7),8)),((3,4),5))); 2
(1,((2,(3,(6,7))),((4,8),5))); 2
(1,((2,(4,5)),(3,((6,8),7)))); 2
(1,((2,(6,7)),((3,8),(4,5)))); 2
(1,((2,8),(((3,5),(6,7)),4))); 2
(1,(2,((((3,(6,7)),5),4),8))); 2
(1,(2,((((3,(6,7)),8),4),5))); 2
(1,(2,(((3,(4,5)),(6,7)),8))); 2
(1,(2,(((3,5),(6,7)),(4,8)))); 2
(1,(2,((3,((4,(6,7)),5)),8))); 2
(1,(2,((3,4),(5,((6,7),8))))); 2
(1,(2,((3,5),((4,8),(6,7))))); 2
(1,(2,((3,5),(4,(6,(7,8)))))); 2
(1,(2,(3,(4,((5,(6,7)),8))))); 2
(1,((((2,(4,5)),3),(6,7)),8)); 1
(1,((((2,3),(4,5)),8),(6,7))); 1
(1,(((2,((4,5),8)),3),(6,7))); 1
(1,(((2,(4,5)),(3,8)),(6,7))); 1
(1,(((2,(6,7)),8),(3,(4,5)))); 1
(1,(((2,3),((4,5),(6,7))),8)); 1
(1,(((2,3),(4,5)),((6,8),7))); 1
(1,(((2,4),(3,5)),((6,7),8))); 1
(1,(((2,8),3),((4,5),(6,7)))); 1
(1,((2,(((3,4),5),(6,7))),8)); 1
(1,((2,(((3,8),4),5)),(6,7))); 1
(1,((2,((3,(5,8)),4)),(6,7))); 1
(1,((2,((4,((6,7),8)),5)),3)); 1
(1,((2,(3,((4,5),8))),(6,7))); 1
(1,((2,(3,((6,8),7))),(4,5))); 1
(1,((2,(3,(6,(7,8)))),(4,5))); 1
(1,((2,(3,(6,7))),(4,(5,8)))); 1
(1,((2,(3,8)),((4,(6,7)),5))); 1
(1,((2,(3,8)),((4,5),(6,7)))); 1
(1,((2,(4,(5,8))),(3,(6,7)))); 1
(1,((2,(6,7)),(3,((4,8),5)))); 1
(1,((2,3),((4,(6,(7,8))),5))); 1
(1,((2,3),((4,5),((6,8),7)))); 1
(1,(2,((((3,(6,7)),4),5),8))); 1
(1,(2,((((3,(6,7)),5),8),4))); 1
(1,(2,((((3,5),8),4),(6,7)))); 1
(1,(2,(((3,(4,5)),8),(6,7)))); 1
(1,(2,(((3,5),((6,8),7)),4))); 1
(1,(2,(((3,5),4),((6,8),7)))); 1
(1,(2,(((3,8),5),(4,(6,7))))); 1
(1,(2,((3,(4,(5,8))),(6,7)))); 1
(1,(2,((3,5),(4,((6,8),7))))); 1
(1,(2,(3,(((4,(6,7)),5),8)))); 1
