translate
       1 Scer,
       2 Spar,
       3 Smik,
       4 Skud,
       5 Sbay,
       6 Scas,
       7 Sklu,
       8 Calb;
(1,(2,(3,((4,((6,8),7)),5)))); 38750
(1,(2,(3,(4,(5,((6,8),7)))))); 4068
(1,(2,(3,((4,((6,7),8)),5)))); 3607
(1,(2,(3,((4,(6,(7,8))),5)))); 2620
(1,(2,(3,((4,5),((6,8),7))))); 322
(1,(2,(3,(4,(5,((6,7),8)))))); 280
(1,(2,(3,(4,(5,(6,(7,8))))))); 244
(1,((2,3),((4,((6,8),7)),5))); 33
(1,(2,(3,((4,5),((6,7),8))))); 32
(1,(2,(3,((4,5),(6,(7,8)))))); 22
(1,((2,3),((4,((6,7),8)),5))); 12
(1,((2,3),(4,(5,((6,8),7))))); 3
(1,((2,((4,((6,8),7)),5)),3)); 2
(1,((2,3),((4,(6,(7,8))),5))); 2
(1,((2,3),((4,5),((6,8),7)))); 1
(1,(2,(3,(((4,(6,7)),5),8)))); 1
(1,(2,(3,(((4,(6,7)),8),5)))); 1
