translate
       1 Scer,
       2 Spar,
       3 Smik,
       4 Skud,
       5 Sbay,
       6 Scas,
       7 Sklu,
       8 Calb;
(1,(2,(3,((4,((6,7),8)),5)))); 32163
(1,(2,(3,((4,(6,(7,8))),5)))); 10454
(1,(2,(3,((4,((6,8),7)),5)))); 1649
(1,(2,((3,((6,7),8)),(4,5)))); 1244
(1,(2,(3,((4,5),((6,7),8))))); 1240
(1,(2,(3,(4,(5,((6,7),8)))))); 641
(1,(2,((3,(4,5)),((6,7),8)))); 500
(1,(2,(3,((4,5),(6,(7,8)))))); 434
(1,(2,(3,(4,(5,(6,(7,8))))))); 334
(1,(2,((3,(6,(7,8))),(4,5)))); 259
(1,(2,((3,8),((4,(6,7)),5)))); 172
(1,(2,((3,(4,5)),(6,(7,8))))); 133
(1,(2,(3,(((4,8),(6,7)),5)))); 130
(1,((2,((6,7),8)),(3,(4,5)))); 128
(1,((2,(3,(4,5))),((6,7),8))); 105
(1,(2,((3,((6,8),7)),(4,5)))); 48
(1,(2,(3,((4,5),((6,8),7))))); 44
(1,(2,((3,8),((4,5),(6,7))))); 43
(1,(2,(3,(4,(5,((6,8),7)))))); 35
(1,(2,(3,(((4,(6,7)),8),5)))); 32
(1,((2,(6,(7,8))),(3,(4,5)))); 26
(1,(2,((3,(4,5)),((6,8),7)))); 19
(1,(2,(3,(((4,(6,7)),5),8)))); 19
(1,((2,(3,(4,5))),(6,(7,8)))); 18
(1,(2,(((3,8),(6,7)),(4,5)))); 14
(1,(2,((3,((4,(6,7)),5)),8))); 14
(1,((2,8),(3,((4,(6,7)),5)))); 12
(1,(2,(((3,8),(4,5)),(6,7)))); 12
(1,(2,((3,8),(4,(5,(6,7)))))); 12
(1,((2,(3,((4,(6,7)),5))),8)); 11
(1,(2,(3,((4,(6,7)),(5,8))))); 11
(1,((2,8),(3,((4,5),(6,7))))); 8
(1,((2,((6,8),7)),(3,(4,5)))); 7
(1,((2,8),(3,(4,(5,(6,7)))))); 4
(1,(2,((3,((4,5),(6,7))),8))); 4
(1,(2,((3,((4,5),8)),(6,7)))); 3
(1,((2,((3,8),(4,5))),(6,7))); 2
(1,(2,(((3,(4,5)),(6,7)),8))); 2
(1,(2,(((3,(4,5)),8),(6,7)))); 2
(1,(2,(3,(((4,5),(6,7)),8)))); 2
(1,(2,(3,(((4,8),5),(6,7))))); 2
(1,(2,(3,((4,(5,8)),(6,7))))); 2
(1,((2,(3,((4,5),(6,7)))),8)); 1
(1,((2,(3,(4,(5,(6,7))))),8)); 1
(1,((2,(3,(4,5))),((6,8),7))); 1
(1,((2,(6,7)),((3,(4,5)),8))); 1
(1,((2,8),((3,(6,7)),(4,5)))); 1
(1,(2,((3,(4,(5,8))),(6,7)))); 1
