translate
       1 Scer,
       2 Spar,
       3 Smik,
       4 Skud,
       5 Sbay,
       6 Scas,
       7 Sklu,
       8 Calb;
(1,(2,(3,(4,(5,((6,7),8)))))); 24143
(1,(2,(3,((4,8),(5,(6,7)))))); 6662
(1,(2,(3,(4,((5,(6,7)),8))))); 4306
(1,(2,((3,8),(4,(5,(6,7)))))); 3632
(1,(2,(3,((4,(5,(6,7))),8)))); 3351
(1,(2,(3,(4,(5,((6,8),7)))))); 2958
(1,(2,(3,(4,(5,(6,(7,8))))))); 2796
(1,(2,(3,(4,((5,8),(6,7)))))); 845
(1,((2,(3,(4,(5,(6,7))))),8)); 655
(1,(2,((3,(4,(5,(6,7)))),8))); 505
(1,((2,8),(3,(4,(5,(6,7)))))); 119
(1,(2,(3,((4,((6,7),8)),5)))); 14
(1,(2,(3,((4,(6,7)),(5,8))))); 3
(1,(2,(3,((4,5),((6,7),8))))); 3
(1,(2,(3,((4,(5,8)),(6,7))))); 2
(1,((2,(3,((4,(6,7)),5))),8)); 1
(1,((2,(4,(5,((6,7),8)))),3)); 1
(1,(2,((3,((4,(6,7)),5)),8))); 1
(1,(2,((3,(6,(7,8))),(4,5)))); 1
(1,(2,((3,(6,7)),(4,(5,8))))); 1
(1,(2,(3,((4,(6,(7,8))),5)))); 1
