translate
       1 Scer,
       2 Spar,
       3 Smik,
       4 Skud,
       5 Sbay,
       6 Scas,
       7 Sklu,
       8 Calb;
(1,(2,(3,((4,((6,8),7)),5)))); 17724
(1,(2,(3,((4,(6,(7,8))),5)))); 13437
(1,(2,(3,(4,(5,((6,8),7)))))); 7980
(1,(2,(3,(4,(5,(6,(7,8))))))); 5119
(1,(2,(3,((4,((6,7),8)),5)))); 2519
(1,(2,(3,(4,(5,((6,7),8)))))); 1373
(1,(2,(3,((4,5),((6,8),7))))); 1001
(1,(2,(3,((4,5),(6,(7,8)))))); 669
(1,(2,(3,((4,5),((6,7),8))))); 155
(1,((2,(3,(4,5))),((6,8),7))); 4
(1,(2,(3,(((4,8),(6,7)),5)))); 3
(1,(2,(3,((4,(6,7)),(5,8))))); 3
(1,((2,((6,8),7)),(3,(4,5)))); 2
(1,((2,(3,(4,5))),((6,7),8))); 2
(1,((2,(3,(4,5))),(6,(7,8)))); 1
(1,(2,((3,(4,5)),((6,7),8)))); 1
(1,(2,((3,(4,5)),((6,8),7)))); 1
(1,(2,(3,(((4,(6,7)),5),8)))); 1
(1,(2,(3,(((4,(6,7)),8),5)))); 1
(1,(2,(3,(((4,5),(6,7)),8)))); 1
(1,(2,(3,((4,(5,(6,7))),8)))); 1
(1,(2,(3,((4,8),(5,(6,7)))))); 1
(1,(2,(3,(4,((5,8),(6,7)))))); 1
