translate
       1 Scer,
       2 Spar,
       3 Smik,
       4 Skud,
       5 Sbay,
       6 Scas,
       7 Sklu,
       8 Calb;
(1,(2,((3,(6,(7,8))),(4,5)))); 18107
(1,(2,(3,(4,(5,(6,(7,8))))))); 13611
(1,(2,(3,((4,5),(6,(7,8)))))); 7783
(1,(2,((3,(4,5)),(6,(7,8))))); 1802
(1,(2,(3,((4,(6,(7,8))),5)))); 1719
(1,(2,(3,(4,(5,((6,7),8)))))); 1145
(1,(2,((3,((6,7),8)),(4,5)))); 1038
(1,(2,((3,((6,8),7)),(4,5)))); 995
(1,(2,(3,(4,(5,((6,8),7)))))); 950
(1,((2,(6,(7,8))),(3,(4,5)))); 562
(1,(2,(3,((4,5),((6,7),8))))); 528
(1,(2,(3,((4,5),((6,8),7))))); 523
(1,((2,(3,(4,5))),(6,(7,8)))); 473
(1,(2,(3,((4,((6,7),8)),5)))); 196
(1,(2,(3,((4,((6,8),7)),5)))); 178
(1,(2,((3,(4,5)),((6,7),8)))); 104
(1,(2,((3,(4,5)),((6,8),7)))); 97
(1,((2,(3,(4,5))),((6,7),8))); 54
(1,((2,((6,8),7)),(3,(4,5)))); 46
(1,((2,((6,7),8)),(3,(4,5)))); 43
(1,((2,(3,(4,5))),((6,8),7))); 33
(1,((2,3),(4,(5,(6,(7,8)))))); 3
(1,(2,((3,(6,7)),(4,(5,8))))); 3
(1,((2,8),((3,(6,7)),(4,5)))); 2
(1,(((2,3),(4,5)),(6,(7,8)))); 1
(1,((2,((4,5),((6,7),8))),3)); 1
(1,((2,(3,((4,(6,7)),5))),8)); 1
(1,((2,(3,(6,(7,8)))),(4,5))); 1
(1,(2,((3,(6,7)),((4,5),8)))); 1
