translate
       1 Scer,
       2 Spar,
       3 Smik,
       4 Skud,
       5 Sbay,
       6 Scas,
       7 Sklu,
       8 Calb;
(1,(2,(3,(4,(5,((6,7),8)))))); 21682
(1,(2,(3,(4,(5,((6,8),7)))))); 17157
(1,(2,(3,(4,(5,(6,(7,8))))))); 10845
(1,(2,(3,((4,5),((6,8),7))))); 64
(1,(2,(3,((4,5),((6,7),8))))); 54
(1,(2,(3,((4,((6,8),7)),5)))); 53
(1,(2,(3,((4,5),(6,(7,8)))))); 51
(1,(2,(3,((4,((6,7),8)),5)))); 44
(1,(2,(3,((4,(6,(7,8))),5)))); 24
(1,(2,(3,(4,((5,8),(6,7)))))); 11
(1,(2,(3,(4,((5,(6,7)),8))))); 5
(1,(2,((3,(6,(7,8))),(4,5)))); 3
(1,(2,((3,((6,8),7)),(4,5)))); 2
(1,(2,((3,8),(4,(5,(6,7)))))); 2
(1,(2,((3,((6,7),8)),(4,5)))); 1
(1,(2,((3,(4,5)),((6,8),7)))); 1
(1,(2,(3,((4,(6,7)),(5,8))))); 1
