translate
       1 Scer,
       2 Spar,
       3 Smik,
       4 Skud,
       5 Sbay,
       6 Scas,
       7 Sklu,
       8 Calb;
(1,(2,(3,(4,(5,(6,(7,8))))))); 40462
(1,(2,(3,((4,5),(6,(7,8)))))); 6844
(1,(2,(3,(4,(5,((6,8),7)))))); 1782
(1,(2,(3,(4,(5,((6,7),8)))))); 447
(1,(2,(3,((4,5),((6,8),7))))); 247
(1,(2,(3,((4,(6,(7,8))),5)))); 113
(1,(2,(3,((4,5),((6,7),8))))); 74
(1,(2,((3,(4,5)),(6,(7,8))))); 14
(1,(2,((3,(6,(7,8))),(4,5)))); 13
(1,(2,(3,((4,((6,8),7)),5)))); 3
(1,((2,(4,(5,(6,(7,8))))),3)); 1
