translate
       1 Scer,
       2 Spar,
       3 Smik,
       4 Skud,
       5 Sbay,
       6 Scas,
       7 Sklu,
       8 Calb;
(1,(2,(3,(4,(5,(6,(7,8))))))); 6864
(1,(2,(3,(4,(5,((6,8),7)))))); 6235
(1,(2,(3,((4,(6,(7,8))),5)))); 5439
(1,(2,(3,((4,((6,8),7)),5)))); 4384
(1,(2,((3,8),(4,(5,(6,7)))))); 4275
(1,(2,(3,(4,(5,((6,7),8)))))); 4095
(1,(2,(3,((4,((6,7),8)),5)))); 3841
(1,(2,(3,((4,(5,(6,7))),8)))); 2085
(1,(2,(3,((4,8),(5,(6,7)))))); 1332
(1,((2,8),(3,(4,(5,(6,7)))))); 1216
(1,(2,((3,8),((4,(6,7)),5)))); 1120
(1,(2,(3,(4,((5,(6,7)),8))))); 842
(1,(2,((3,(4,(5,(6,7)))),8))); 757
(1,(2,(3,((4,5),(6,(7,8)))))); 695
(1,(2,(3,((4,5),((6,8),7))))); 653
(1,((2,(3,(4,(5,(6,7))))),8)); 646
(1,(2,(3,(((4,(6,7)),5),8)))); 580
(1,(2,(3,((4,5),((6,7),8))))); 522
(1,(2,(3,(4,((5,8),(6,7)))))); 431
(1,(2,(3,((4,(6,7)),(5,8))))); 408
(1,((2,8),(3,((4,(6,7)),5)))); 371
(1,(2,(3,(((4,8),(6,7)),5)))); 357
(1,(2,(3,(((4,(6,7)),8),5)))); 263
(1,(2,((3,((4,(6,7)),5)),8))); 196
(1,(2,((3,8),((4,5),(6,7))))); 193
(1,((2,3),(4,(5,(6,(7,8)))))); 149
(1,((2,(3,((4,(6,7)),5))),8)); 141
(1,((2,3),(4,(5,((6,8),7))))); 128
(1,((2,3),((4,(6,(7,8))),5))); 101
(1,(2,(3,(((4,5),(6,7)),8)))); 101
(1,(2,(3,((4,(5,8)),(6,7))))); 89
(1,((2,(4,(5,((6,8),7)))),3)); 85
(1,((2,(4,(5,(6,(7,8))))),3)); 81
(1,((2,3),(4,(5,((6,7),8))))); 72
(1,(2,(3,(((4,8),5),(6,7))))); 68
(1,((2,8),(3,((4,5),(6,7))))); 64
(1,((2,((4,(6,(7,8))),5)),3)); 63
(1,((2,3),((4,((6,8),7)),5))); 61
(1,((2,(3,8)),(4,(5,(6,7))))); 57
(1,((2,3),((4,((6,7),8)),5))); 53
(1,((2,3),((4,(5,(6,7))),8))); 44
(1,((2,(4,(5,(6,7)))),(3,8))); 39
(1,((2,3),((4,5),(6,(7,8))))); 34
(1,((2,3),((4,8),(5,(6,7))))); 34
(1,(2,((3,((4,5),(6,7))),8))); 34
(1,(2,(3,((4,(6,8)),(5,7))))); 32
(1,((2,3),((4,5),((6,8),7)))); 31
(1,((2,((4,((6,8),7)),5)),3)); 29
(1,((2,(3,((4,5),(6,7)))),8)); 28
(1,((2,(4,(5,((6,7),8)))),3)); 24
(1,((2,((4,((6,7),8)),5)),3)); 22
(1,((2,3),((4,5),((6,7),8)))); 20
(1,((2,((4,5),((6,8),7))),3)); 19
(1,((2,3),(4,((5,(6,7)),8)))); 18
(1,(2,(3,(((4,5),8),(6,7))))); 18
(1,(2,(3,((4,6),(5,(7,8)))))); 16
(1,(((2,(4,(5,(6,7)))),3),8)); 15
(1,(((2,8),3),((4,(6,7)),5))); 15
(1,(((2,8),3),(4,(5,(6,7))))); 14
(1,((2,((4,5),(6,(7,8)))),3)); 13
(1,(2,(3,(((4,6),(7,8)),5)))); 13
(1,(((2,3),(4,(5,(6,7)))),8)); 12
(1,((2,(3,(4,5))),((6,8),7))); 12
(1,(2,(3,(4,((5,6),(7,8)))))); 12
(1,((2,((4,(5,(6,7))),8)),3)); 11
(1,(2,(3,(((4,(6,8)),5),7)))); 11
(1,((2,((4,8),(5,(6,7)))),3)); 10
(1,((2,(3,(4,5))),(6,(7,8)))); 10
(1,((2,3),(((4,(6,7)),5),8))); 10
(1,(2,(3,(((4,6),5),(7,8))))); 10
(1,((2,7),(3,((4,(6,8)),5)))); 9
(1,(2,(3,((((4,6),8),5),7)))); 8
(1,(((2,8),(4,(5,(6,7)))),3)); 7
(1,((2,(3,8)),((4,(6,7)),5))); 7
(1,((2,(4,((5,(6,7)),8))),3)); 7
(1,((2,(7,8)),(3,(4,(5,6))))); 7
(1,((2,3),(((4,8),(6,7)),5))); 7
(1,((2,7),(3,(4,(5,(6,8)))))); 7
(1,(2,((3,8),((4,6),(5,7))))); 7
(1,(2,(3,((4,(5,(6,8))),7)))); 7
(1,(((2,3),8),(4,(5,(6,7))))); 6
(1,((2,((4,(6,7)),5)),(3,8))); 6
(1,((2,3),(4,((5,8),(6,7))))); 6
(1,(2,((3,(4,5)),(6,(7,8))))); 6
(1,(((2,8),7),(3,(4,(5,6))))); 5
(1,(2,(3,(4,((5,(6,8)),7))))); 5
(1,(2,(3,(4,((5,7),(6,8)))))); 5
(1,(((2,8),((4,(6,7)),5)),3)); 4
(1,((2,((4,5),(6,7))),(3,8))); 4
(1,((2,((6,8),7)),(3,(4,5)))); 4
(1,((2,(3,(4,5))),((6,7),8))); 4
(1,((2,3),(((4,(6,7)),8),5))); 4
(1,((2,3),(((4,(6,8)),5),7))); 4
(1,((2,3),((4,(5,8)),(6,7)))); 4
(1,(2,((3,((6,8),7)),(4,5)))); 4
(1,(2,(3,(((4,(6,8)),7),5)))); 4
(1,(2,(3,(4,((5,(7,8)),6))))); 4
(1,((2,(((4,(6,7)),5),8)),3)); 3
(1,((2,((3,8),(4,5))),(6,7))); 3
(1,((2,((4,(6,7)),(5,8))),3)); 3
(1,((2,((4,5),((6,7),8))),3)); 3
(1,((2,((6,7),8)),(3,(4,5)))); 3
(1,((2,(3,((4,5),8))),(6,7))); 3
(1,((2,3),(((4,5),8),(6,7)))); 3
(1,((2,3),(((4,8),5),(6,7)))); 3
(1,((2,7),((3,8),(4,(5,6))))); 3
(1,(2,((3,((6,7),8)),(4,5)))); 3
(1,(2,(3,(((4,6),(5,7)),8)))); 3
(1,(((2,((4,5),(6,7))),3),8)); 2
(1,(((2,(4,(5,(6,7)))),8),3)); 2
(1,(((2,3),((4,(6,7)),5)),8)); 2
(1,(((2,3),((4,5),(6,7))),8)); 2
(1,((2,(((4,(6,7)),8),5)),3)); 2
(1,((2,(((4,8),(6,7)),5)),3)); 2
(1,((2,(((4,8),5),(6,7))),3)); 2
(1,((2,(3,((4,(5,6)),7))),8)); 2
(1,((2,(3,(4,(5,(6,8))))),7)); 2
(1,((2,(3,(4,(5,6)))),(7,8))); 2
(1,((2,(3,8)),((4,5),(6,7)))); 2
(1,((2,(7,8)),(3,((4,6),5)))); 2
(1,((2,3),(((4,5),(6,7)),8))); 2
(1,((2,3),((4,(6,7)),(5,8)))); 2
(1,((2,7),((3,(4,(5,6))),8))); 2
(1,((2,8),(3,(4,((5,6),7))))); 2
(1,(2,((3,(((4,6),5),8)),7))); 2
(1,(2,((3,((4,8),(5,6))),7))); 2
(1,(2,((3,(4,(5,6))),(7,8)))); 2
(1,(2,((3,(4,(5,8))),(6,7)))); 2
(1,(2,((3,(4,5)),((6,8),7)))); 2
(1,(2,((3,(6,7)),(4,(5,8))))); 2
(1,(2,(3,(((4,8),(5,7)),6)))); 2
(1,(2,(3,((4,((5,6),7)),8)))); 2
(1,(2,(3,((4,(5,6)),(7,8))))); 2
(1,(2,(3,((4,6),((5,7),8))))); 2
(1,(2,(3,((4,8),((5,6),7))))); 2
(1,(2,(3,(4,(((5,8),7),6))))); 2
(1,(((2,(3,(4,(5,6)))),7),8)); 1
(1,(((2,3),8),((4,(6,7)),5))); 1
(1,(((2,3),8),((4,5),(6,7)))); 1
(1,((2,(((4,5),8),(6,7))),3)); 1
(1,((2,((4,(5,8)),(6,7))),3)); 1
(1,((2,((4,(6,8)),(5,7))),3)); 1
(1,((2,(3,((4,7),(5,6)))),8)); 1
(1,((2,(4,((5,8),(6,7)))),3)); 1
(1,((2,(6,(7,8))),(3,(4,5)))); 1
(1,((2,(6,7)),(3,((4,5),8)))); 1
(1,((2,3),((4,7),(5,(6,8))))); 1
(1,((2,3),(4,((5,(6,8)),7)))); 1
(1,((2,7),(3,(((4,8),6),5)))); 1
(1,((2,8),((3,(4,5)),(6,7)))); 1
(1,(2,(((3,(4,5)),(6,7)),8))); 1
(1,(2,(((3,4),5),((6,8),7)))); 1
(1,(2,(((3,8),(4,5)),(6,7)))); 1
(1,(2,(((3,8),7),(4,(5,6))))); 1
(1,(2,((3,(((4,6),5),7)),8))); 1
(1,(2,((3,(((4,6),7),5)),8))); 1
(1,(2,((3,((4,(6,8)),5)),7))); 1
(1,(2,((3,((4,5),8)),(6,7)))); 1
(1,(2,((3,((4,6),(5,7))),8))); 1
(1,(2,((3,((4,7),(5,6))),8))); 1
(1,(2,((3,((4,8),5)),(6,7)))); 1
(1,(2,((3,(4,5)),((6,7),8)))); 1
(1,(2,((3,8),((4,(5,6)),7)))); 1
(1,(2,(3,((((4,6),5),8),7)))); 1
(1,(2,(3,((((4,8),6),7),5)))); 1
(1,(2,(3,(((4,8),(5,6)),7)))); 1
(1,(2,(3,(((4,8),6),(5,7))))); 1
(1,(2,(3,((4,((5,7),6)),8)))); 1
(1,(2,(3,((4,((5,7),8)),6)))); 1
(1,(2,(3,((4,(5,7)),(6,8))))); 1
(1,(2,(3,((4,(7,8)),(5,6))))); 1
(1,(2,(3,(4,(((5,7),6),8))))); 1
