translate
       1 Scer,
       2 Spar,
       3 Smik,
       4 Skud,
       5 Sbay,
       6 Scas,
       7 Sklu,
       8 Calb;
(1,(2,(3,(4,(5,(6,(7,8))))))); 16004
(1,(2,(3,(4,(5,((6,8),7)))))); 9259
(1,((2,(3,(4,5))),(6,(7,8)))); 5603
(1,((2,(6,(7,8))),(3,(4,5)))); 3675
(1,((2,(3,(4,5))),((6,8),7))); 2779
(1,(2,(3,((4,(6,(7,8))),5)))); 2441
(1,(2,((3,(4,5)),(6,(7,8))))); 2299
(1,((2,((6,8),7)),(3,(4,5)))); 2193
(1,(2,(3,((4,((6,8),7)),5)))); 1635
(1,(2,(3,((4,5),(6,(7,8)))))); 1513
(1,(2,((3,(4,5)),((6,8),7)))); 1251
(1,(2,(3,((4,5),((6,8),7))))); 983
(1,(2,((3,(6,(7,8))),(4,5)))); 177
(1,(2,((3,((6,8),7)),(4,5)))); 101
(1,((2,(3,(4,5))),((6,7),8))); 26
(1,(2,(3,(4,(5,((6,7),8)))))); 25
(1,((2,((6,7),8)),(3,(4,5)))); 14
(1,(2,((3,(4,5)),((6,7),8)))); 11
(1,(2,(3,((4,((6,7),8)),5)))); 7
(1,(2,(3,((4,5),((6,7),8))))); 4
