translate
       1 Scer,
       2 Spar,
       3 Smik,
       4 Skud,
       5 Sbay,
       6 Scas,
       7 Sklu,
       8 Calb;
(1,(2,(3,(4,(5,((6,8),7)))))); 33338
(1,(2,(3,((4,((6,8),7)),5)))); 9686
(1,(2,(3,(4,(5,(6,(7,8))))))); 3125
(1,(2,(3,(4,(5,((6,7),8)))))); 1178
(1,(2,(3,((4,(6,(7,8))),5)))); 992
(1,(2,(3,((4,5),((6,8),7))))); 925
(1,(2,(3,((4,((6,7),8)),5)))); 431
(1,(2,(3,((4,5),(6,(7,8)))))); 124
(1,(2,((3,((6,8),7)),(4,5)))); 68
(1,(2,(3,((4,5),((6,7),8))))); 39
(1,(2,((3,(4,5)),((6,8),7)))); 23
(1,(2,(3,((4,8),(5,(6,7)))))); 17
(1,((2,(4,(5,((6,8),7)))),3)); 7
(1,(2,((3,8),(4,(5,(6,7)))))); 6
(1,((2,((4,((6,8),7)),5)),3)); 4
(1,((2,((6,8),7)),(3,(4,5)))); 4
(1,((2,3),(4,(5,((6,8),7))))); 4
(1,(2,((3,(6,(7,8))),(4,5)))); 4
(1,(2,(3,(((4,8),(6,7)),5)))); 3
(1,((2,((6,7),8)),(3,(4,5)))); 2
(1,((2,(4,5)),(3,((6,8),7)))); 2
(1,((2,3),((4,((6,8),7)),5))); 2
(1,(2,((3,((6,7),8)),(4,5)))); 2
(1,(2,(3,(((4,8),5),(6,7))))); 2
(1,(2,(3,((4,(5,(6,7))),8)))); 2
(1,((2,((4,((6,7),8)),5)),3)); 1
(1,((2,((4,(6,(7,8))),5)),3)); 1
(1,((2,(3,(4,5))),((6,8),7))); 1
(1,((2,(4,(5,(6,(7,8))))),3)); 1
(1,((2,3),(4,(5,(6,(7,8)))))); 1
(1,((2,8),(3,(4,(5,(6,7)))))); 1
(1,(2,((3,((4,(6,7)),5)),8))); 1
(1,(2,((3,(4,(5,(6,7)))),8))); 1
(1,(2,((3,(4,5)),(6,(7,8))))); 1
(1,(2,((3,8),((4,(6,7)),5)))); 1
