translate
       1 Scer,
       2 Spar,
       3 Smik,
       4 Skud,
       5 Sbay,
       6 Scas,
       7 Sklu,
       8 Calb;
(1,(2,(3,(4,(5,(6,(7,8))))))); 32572
(1,(2,(3,((4,5),(6,(7,8)))))); 10445
(1,(2,(3,((4,(6,(7,8))),5)))); 4767
(1,(2,(3,(4,(5,((6,8),7)))))); 1353
(1,(2,(3,((4,5),((6,8),7))))); 393
(1,(2,(3,((4,((6,8),7)),5)))); 163
(1,((2,3),(4,(5,(6,(7,8)))))); 95
(1,(2,((3,(6,(7,8))),(4,5)))); 68
(1,((2,3),((4,5),(6,(7,8))))); 55
(1,(2,(3,(4,(5,((6,7),8)))))); 32
(1,((2,3),((4,(6,(7,8))),5))); 20
(1,(2,(3,((4,5),((6,7),8))))); 14
(1,((2,3),(4,(5,((6,8),7))))); 6
(1,(2,((3,(4,5)),(6,(7,8))))); 6
(1,((2,(4,(5,(6,(7,8))))),3)); 4
(1,(2,(3,((4,((6,7),8)),5)))); 3
(1,((2,((4,5),(6,(7,8)))),3)); 2
(1,((2,((4,(6,(7,8))),5)),3)); 1
(1,((2,(6,(7,8))),(3,(4,5)))); 1
