translate
       1 Scer,
       2 Spar,
       3 Smik,
       4 Skud,
       5 Sbay,
       6 Scas,
       7 Sklu,
       8 Calb;
(1,(2,(3,(4,(5,((6,7),8)))))); 19827
(1,(2,(3,(4,(5,((6,8),7)))))); 11623
(1,(2,(3,(4,(5,(6,(7,8))))))); 9739
(1,(2,((3,(5,((6,7),8))),4))); 3571
(1,(2,((3,(5,((6,8),7))),4))); 2217
(1,(2,((3,(5,(6,(7,8)))),4))); 1771
(1,(2,((3,((6,7),8)),(4,5)))); 527
(1,(2,((3,(6,(7,8))),(4,5)))); 231
(1,(2,((3,((6,8),7)),(4,5)))); 228
(1,(2,((3,4),(5,((6,7),8))))); 84
(1,(2,((3,4),(5,((6,8),7))))); 48
(1,(2,(((3,((6,7),8)),5),4))); 44
(1,(2,((3,4),(5,(6,(7,8)))))); 41
(1,(2,(((3,((6,8),7)),5),4))); 21
(1,(2,(((3,(6,(7,8))),5),4))); 15
(1,(2,(3,((4,5),((6,8),7))))); 4
(1,(2,(3,((4,((6,7),8)),5)))); 3
(1,(2,(3,((4,5),(6,(7,8)))))); 3
(1,(2,(((3,((6,7),8)),4),5))); 1
(1,(2,((3,(4,5)),(6,(7,8))))); 1
(1,(2,(3,((4,5),((6,7),8))))); 1
