translate
       1 Scer,
       2 Spar,
       3 Smik,
       4 Skud,
       5 Sbay,
       6 Scas,
       7 Sklu,
       8 Calb;
(1,((2,(3,(4,5))),(6,(7,8)))); 13679
(1,(2,(3,(4,(5,(6,(7,8))))))); 10319
(1,(2,((3,(4,5)),(6,(7,8))))); 5210
(1,(2,(3,((4,5),(6,(7,8)))))); 4682
(1,((2,(6,(7,8))),(3,(4,5)))); 4024
(1,(2,((3,(6,(7,8))),(4,5)))); 2015
(1,((2,(3,(4,5))),((6,7),8))); 1920
(1,(2,(3,((4,(6,(7,8))),5)))); 1889
(1,(2,((3,(4,5)),((6,7),8)))); 788
(1,((2,(3,(4,5))),((6,8),7))); 731
(1,(2,(3,((4,5),((6,7),8))))); 710
(1,(2,(3,(4,(5,((6,7),8)))))); 570
(1,((2,((6,7),8)),(3,(4,5)))); 540
(1,(2,((3,((6,7),8)),(4,5)))); 487
(1,(2,(3,(4,(5,((6,8),7)))))); 301
(1,(2,((3,(4,5)),((6,8),7)))); 242
(1,(2,(3,((4,5),((6,8),7))))); 211
(1,((2,(4,(5,(6,(7,8))))),3)); 203
(1,((2,((6,8),7)),(3,(4,5)))); 197
(1,(2,(3,((4,((6,7),8)),5)))); 177
(1,(2,((3,((6,8),7)),(4,5)))); 147
(1,((2,((4,5),(6,(7,8)))),3)); 123
(1,(((2,(4,5)),3),(6,(7,8)))); 113
(1,(2,(3,((4,((6,8),7)),5)))); 74
(1,((2,(4,5)),(3,(6,(7,8))))); 70
(1,(2,((3,(5,(6,(7,8)))),4))); 49
(1,(((2,(6,(7,8))),(4,5)),3)); 47
(1,((2,((4,(6,(7,8))),5)),3)); 46
(1,(2,((3,4),(5,(6,(7,8)))))); 46
(1,(((2,(4,5)),3),((6,7),8))); 37
(1,((2,((3,5),4)),(6,(7,8)))); 34
(1,((2,3),((4,5),(6,(7,8))))); 32
(1,((2,(4,5)),(3,((6,7),8)))); 27
(1,(((2,(4,5)),(6,(7,8))),3)); 20
(1,((2,3),(4,(5,(6,(7,8)))))); 18
(1,(((2,(4,5)),3),((6,8),7))); 17
(1,((2,((4,5),((6,7),8))),3)); 17
(1,((2,((3,4),5)),(6,(7,8)))); 14
(1,((2,(4,(5,((6,7),8)))),3)); 14
(1,(2,(((3,5),4),(6,(7,8))))); 13
(1,(2,(((3,4),5),(6,(7,8))))); 10
(1,(((2,3),(4,5)),(6,(7,8)))); 9
(1,((2,((4,5),((6,8),7))),3)); 9
(1,(2,((3,5),(4,(6,(7,8)))))); 9
(1,((2,(3,(6,(7,8)))),(4,5))); 8
(1,(2,((3,(4,(6,(7,8)))),5))); 8
(1,(2,((3,(5,((6,7),8))),4))); 8
(1,((2,(6,(7,8))),((3,5),4))); 7
(1,(((2,(6,(7,8))),3),(4,5))); 6
(1,((2,(4,5)),(3,((6,8),7)))); 6
(1,(((2,((6,7),8)),(4,5)),3)); 5
(1,(((2,3),(4,5)),((6,7),8))); 5
(1,((2,(4,(5,((6,8),7)))),3)); 5
(1,(2,(((3,(6,(7,8))),4),5))); 4
(1,((2,((3,5),4)),((6,7),8))); 3
(1,((2,(6,(7,8))),((3,4),5))); 3
(1,((2,3),((4,(6,(7,8))),5))); 3
(1,(2,((3,(4,((6,7),8))),5))); 3
(1,(2,((3,5),(4,((6,7),8))))); 3
(1,(((2,((6,8),7)),(4,5)),3)); 2
(1,(((2,(4,5)),((6,7),8)),3)); 2
(1,(((2,3),(4,5)),((6,8),7))); 2
(1,((2,((3,5),4)),((6,8),7))); 2
(1,((2,((4,((6,7),8)),5)),3)); 2
(1,((2,3),((4,5),((6,8),7)))); 2
(1,((2,3),(4,(5,((6,7),8))))); 2
(1,(2,(((3,(6,(7,8))),5),4))); 2
(1,(2,(((3,5),4),((6,7),8)))); 2
(1,(2,(((3,8),(4,5)),(6,7)))); 2
(1,(2,((3,(6,7)),((4,5),8)))); 2
(1,(((2,(4,5)),((6,8),7)),3)); 1
(1,((2,((3,4),5)),((6,7),8))); 1
(1,((2,((3,4),5)),((6,8),7))); 1
(1,((2,((6,7),8)),((3,5),4))); 1
(1,((2,(3,((6,7),8))),(4,5))); 1
(1,((2,(3,((6,8),7))),(4,5))); 1
(1,((2,3),((4,((6,8),7)),5))); 1
(1,(2,((3,((4,5),8)),(6,7)))); 1
(1,(2,((3,4),(5,((6,7),8))))); 1
(1,(2,((3,4),(5,((6,8),7))))); 1
(1,(2,(3,(((4,5),8),(6,7))))); 1
