translate
       1 Scer,
       2 Spar,
       3 Smik,
       4 Skud,
       5 Sbay,
       6 Scas,
       7 Sklu,
       8 Calb;
(1,(2,(3,((4,5),(6,(7,8)))))); 18402
(1,(2,((3,(4,5)),(6,(7,8))))); 12239
(1,(2,(3,(4,(5,(6,(7,8))))))); 10102
(1,(2,((3,(6,(7,8))),(4,5)))); 2595
(1,((2,(3,(4,5))),(6,(7,8)))); 1830
(1,(2,(3,((4,(6,(7,8))),5)))); 1186
(1,((2,(6,(7,8))),(3,(4,5)))); 977
(1,(2,(3,((4,5),((6,8),7))))); 762
(1,(2,((3,(4,5)),((6,8),7)))); 488
(1,(2,(3,(4,(5,((6,8),7)))))); 464
(1,(2,(3,((4,5),((6,7),8))))); 221
(1,(2,((3,(4,5)),((6,7),8)))); 192
(1,(2,(3,(4,(5,((6,7),8)))))); 180
(1,(2,((3,((6,8),7)),(4,5)))); 131
(1,((2,(3,(4,5))),((6,8),7))); 68
(1,(2,(3,((4,((6,8),7)),5)))); 46
(1,(2,((3,((6,7),8)),(4,5)))); 38
(1,((2,(3,(4,5))),((6,7),8))); 24
(1,((2,((6,8),7)),(3,(4,5)))); 22
(1,((2,((6,7),8)),(3,(4,5)))); 18
(1,(2,(3,((4,((6,7),8)),5)))); 15
