translate
       1 Scer,
       2 Spar,
       3 Smik,
       4 Skud,
       5 Sbay,
       6 Scas,
       7 Sklu,
       8 Calb;
(1,(2,(3,(4,(5,(6,(7,8))))))); 40632
(1,(2,(3,(4,(5,((6,7),8)))))); 6963
(1,(2,(3,((4,(6,(7,8))),5)))); 1096
(1,(2,(3,(4,(5,((6,8),7)))))); 768
(1,(2,(3,((4,((6,7),8)),5)))); 154
(1,(2,((3,(6,(7,8))),(4,5)))); 90
(1,(2,(3,((4,5),(6,(7,8)))))); 86
(1,(2,((3,(4,5)),(6,(7,8))))); 69
(1,((2,(3,(4,5))),(6,(7,8)))); 47
(1,((2,(6,(7,8))),(3,(4,5)))); 20
(1,(2,(3,((4,((6,8),7)),5)))); 19
(1,(2,((3,((6,7),8)),(4,5)))); 15
(1,((2,(3,(4,5))),((6,7),8))); 12
(1,(2,((3,(4,5)),((6,7),8)))); 9
(1,(2,(3,((4,5),((6,7),8))))); 7
(1,((2,((6,7),8)),(3,(4,5)))); 4
(1,((2,(3,(4,5))),((6,8),7))); 2
(1,(2,((3,((6,8),7)),(4,5)))); 2
(1,(2,((3,(4,5)),((6,8),7)))); 2
(1,(2,(3,((4,5),((6,8),7))))); 2
(1,(2,((3,4),(5,(6,(7,8)))))); 1
