translate
       1 Scer,
       2 Spar,
       3 Smik,
       4 Skud,
       5 Sbay,
       6 Scas,
       7 Sklu,
       8 Calb;
(1,(2,(3,(4,(5,(6,(7,8))))))); 45824
(1,(2,(3,((4,(6,(7,8))),5)))); 2712
(1,(2,(3,((4,5),(6,(7,8)))))); 1270
(1,((2,(4,(5,(6,(7,8))))),3)); 106
(1,((2,3),(4,(5,(6,(7,8)))))); 63
(1,((2,((4,(6,(7,8))),5)),3)); 11
(1,((2,((4,5),(6,(7,8)))),3)); 8
(1,((2,3),((4,(6,(7,8))),5))); 2
(1,(2,(3,(4,(5,((6,8),7)))))); 2
(1,((2,3),((4,5),(6,(7,8))))); 1
(1,(2,(3,(4,(5,((6,7),8)))))); 1
