translate
       1 Scer,
       2 Spar,
       3 Smik,
       4 Skud,
       5 Sbay,
       6 Scas,
       7 Sklu,
       8 Calb;
(1,(2,(3,(4,(5,((6,8),7)))))); 18935
(1,(2,(3,(4,(5,(6,(7,8))))))); 15558
(1,(2,(3,(4,(5,((6,7),8)))))); 7457
(1,(2,((3,4),(5,((6,8),7))))); 1900
(1,(2,((3,4),(5,(6,(7,8)))))); 1896
(1,(2,((3,((6,8),7)),(4,5)))); 1544
(1,(2,((3,(6,(7,8))),(4,5)))); 1126
(1,(2,((3,4),(5,((6,7),8))))); 656
(1,(2,((3,((6,7),8)),(4,5)))); 559
(1,(2,(3,((4,5),((6,8),7))))); 103
(1,(2,(3,((4,5),(6,(7,8)))))); 47
(1,(2,(3,((4,5),((6,7),8))))); 36
(1,(2,((3,(5,(6,(7,8)))),4))); 31
(1,(2,((3,(4,5)),((6,8),7)))); 28
(1,(2,((3,(4,5)),(6,(7,8))))); 15
(1,(2,(3,((4,((6,8),7)),5)))); 15
(1,(2,((3,(5,((6,8),7))),4))); 14
(1,(2,(3,((4,(6,(7,8))),5)))); 10
(1,(2,(((3,((6,7),8)),4),5))); 8
(1,(2,(((3,((6,8),7)),4),5))); 8
(1,(2,((3,(4,5)),((6,7),8)))); 7
(1,(2,(((3,(6,(7,8))),4),5))); 6
(1,((2,(3,(4,5))),((6,8),7))); 5
(1,(2,(3,((4,((6,7),8)),5)))); 5
(1,((2,(3,(4,5))),(6,(7,8)))); 3
(1,(2,(((3,((6,8),7)),5),4))); 3
(1,(2,(((3,4),((6,8),7)),5))); 3
(1,((2,((6,7),8)),(3,(4,5)))); 2
(1,((2,(3,(4,5))),((6,7),8))); 2
(1,((2,(6,(7,8))),(3,(4,5)))); 2
(1,(2,(((3,((6,7),8)),5),4))); 2
(1,(2,(((3,(6,(7,8))),5),4))); 2
(1,(2,(((3,4),(6,(7,8))),5))); 2
(1,(2,(((3,4),5),(6,(7,8))))); 2
(1,(2,((3,(5,((6,7),8))),4))); 2
(1,((2,((3,4),5)),((6,7),8))); 1
(1,((2,((3,4),5)),((6,8),7))); 1
(1,((2,((3,4),5)),(6,(7,8)))); 1
(1,(2,(((3,4),((6,7),8)),5))); 1
(1,(2,(((3,4),5),((6,7),8)))); 1
(1,(2,(((3,4),5),((6,8),7)))); 1
