translate
       1 Scer,
       2 Spar,
       3 Smik,
       4 Skud,
       5 Sbay,
       6 Scas,
       7 Sklu,
       8 Calb;
(1,(2,(3,(4,(5,(6,(7,8))))))); 41119
(1,(2,(3,((4,5),(6,(7,8)))))); 3946
(1,(2,((3,(6,(7,8))),(4,5)))); 3243
(1,(2,((3,(4,5)),(6,(7,8))))); 1151
(1,(2,(3,((4,(6,(7,8))),5)))); 355
(1,((2,(6,(7,8))),(3,(4,5)))); 62
(1,((2,(3,(4,5))),(6,(7,8)))); 59
(1,(2,((3,4),(5,(6,(7,8)))))); 35
(1,(2,(3,(4,(5,((6,8),7)))))); 21
(1,(2,(3,(4,(5,((6,7),8)))))); 4
(1,(2,(3,((4,5),((6,8),7))))); 3
(1,(2,((3,((6,8),7)),(4,5)))); 2
