translate
       1 Scer,
       2 Spar,
       3 Smik,
       4 Skud,
       5 Sbay,
       6 Scas,
       7 Sklu,
       8 Calb;
(1,(2,(3,(4,(5,(6,(7,8))))))); 27915
(1,(2,(3,(4,(5,((6,8),7)))))); 10925
(1,(2,(3,(4,(5,((6,7),8)))))); 10270
(1,(2,(3,((4,(6,(7,8))),5)))); 323
(1,(2,(3,((4,((6,7),8)),5)))); 160
(1,(2,(3,((4,((6,8),7)),5)))); 148
(1,(2,(3,((4,5),(6,(7,8)))))); 63
(1,(2,(3,((4,5),((6,8),7))))); 55
(1,(2,(3,((4,8),(5,(6,7)))))); 40
(1,(2,(3,((4,5),((6,7),8))))); 30
(1,(2,(3,(4,((5,(6,7)),8))))); 23
(1,(2,(3,((4,(5,(6,7))),8)))); 15
(1,(2,(3,(4,((5,8),(6,7)))))); 15
(1,(2,((3,8),(4,(5,(6,7)))))); 10
(1,(2,((3,(4,(5,(6,7)))),8))); 5
(1,((2,(3,(4,(5,(6,7))))),8)); 2
(1,((2,8),(3,(4,(5,(6,7)))))); 1
