translate
       1 Scer,
       2 Spar,
       3 Smik,
       4 Skud,
       5 Sbay,
       6 Scas,
       7 Sklu,
       8 Calb;
(1,(2,((3,((6,7),8)),(4,5)))); 15462
(1,(2,((3,(6,(7,8))),(4,5)))); 8919
(1,(2,(3,((4,((6,7),8)),5)))); 5681
(1,(2,(3,((4,5),((6,7),8))))); 5032
(1,(2,(3,(4,(5,((6,7),8)))))); 3881
(1,(2,((3,((6,8),7)),(4,5)))); 2702
(1,(2,(3,((4,5),(6,(7,8)))))); 1946
(1,(2,(3,((4,(6,(7,8))),5)))); 1630
(1,(2,((3,(4,5)),((6,7),8)))); 1297
(1,(2,(3,(4,(5,(6,(7,8))))))); 1060
(1,(2,(3,((4,5),((6,8),7))))); 689
(1,(2,(3,((4,((6,8),7)),5)))); 556
(1,(2,((3,(4,5)),(6,(7,8))))); 520
(1,(2,(3,(4,(5,((6,8),7)))))); 425
(1,(2,((3,(4,5)),((6,8),7)))); 158
(1,(2,((3,(6,7)),((4,8),5)))); 8
(1,((2,((3,(6,7)),(4,5))),8)); 7
(1,(2,(((3,(6,7)),(4,5)),8))); 6
(1,((2,(3,(4,5))),((6,7),8))); 5
(1,((2,8),((3,(6,7)),(4,5)))); 4
(1,((2,(6,(7,8))),(3,(4,5)))); 3
(1,((2,((6,7),8)),(3,(4,5)))); 1
(1,((2,(3,((4,5),(6,7)))),8)); 1
(1,((2,(3,(4,5))),(6,(7,8)))); 1
(1,((2,8),((3,(4,5)),(6,7)))); 1
(1,((2,8),(3,(4,(5,(6,7)))))); 1
(1,(2,((3,(6,7)),((4,5),8)))); 1
(1,(2,(3,(((4,(6,7)),8),5)))); 1
(1,(2,(3,(((4,8),(6,7)),5)))); 1
(1,(2,(3,((4,(6,7)),(5,8))))); 1
