translate
       1 Scer,
       2 Spar,
       3 Smik,
       4 Skud,
       5 Sbay,
       6 Scas,
       7 Sklu,
       8 Calb;
(1,(2,(3,((4,((6,7),8)),5)))); 13026
(1,((2,((4,((6,7),8)),5)),3)); 9950
(1,((2,3),((4,((6,7),8)),5))); 2621
(1,((2,(4,(5,((6,7),8)))),3)); 1901
(1,(2,(3,((4,(6,(7,8))),5)))); 1894
(1,(2,(3,(4,(5,((6,7),8)))))); 1873
(1,(2,((3,((6,7),8)),(4,5)))); 1655
(1,(2,(3,((4,5),((6,7),8))))); 1574
(1,((2,((4,5),((6,7),8))),3)); 1481
(1,((2,((4,(6,(7,8))),5)),3)); 1326
(1,(2,(3,((4,((6,8),7)),5)))); 1162
(1,((2,((4,((6,8),7)),5)),3)); 880
(1,((2,8),(3,((4,(6,7)),5)))); 828
(1,((2,(4,5)),(3,((6,7),8)))); 781
(1,(((2,8),((4,(6,7)),5)),3)); 776
(1,((2,3),(4,(5,((6,7),8))))); 479
(1,(2,(3,((4,(6,7)),(5,8))))); 444
(1,((2,3),((4,(6,(7,8))),5))); 425
(1,((2,3),((4,5),((6,7),8)))); 382
(1,(2,((3,(6,(7,8))),(4,5)))); 282
(1,((2,((4,(6,7)),(5,8))),3)); 268
(1,(2,(3,(((4,(6,7)),5),8)))); 254
(1,(2,((3,8),((4,(6,7)),5)))); 252
(1,((2,(3,((6,7),8))),(4,5))); 233
(1,((2,(((4,(6,7)),5),8)),3)); 232
(1,(2,(3,(((4,(6,7)),8),5)))); 224
(1,(2,(3,(4,(5,(6,(7,8))))))); 205
(1,((2,3),((4,((6,8),7)),5))); 204
(1,(((2,8),3),((4,(6,7)),5))); 196
(1,((2,((4,(6,7)),5)),(3,8))); 179
(1,((2,(((4,(6,7)),8),5)),3)); 154
(1,(2,((3,(6,7)),(4,(5,8))))); 153
(1,((2,(4,(5,(6,(7,8))))),3)); 145
(1,(2,((3,(4,5)),((6,7),8)))); 136
(1,((2,(4,5)),(3,(6,(7,8))))); 134
(1,((2,(3,((4,(6,7)),5))),8)); 133
(1,(2,(3,((4,5),(6,(7,8)))))); 130
(1,(2,((3,((6,8),7)),(4,5)))); 124
(1,((2,((4,5),(6,(7,8)))),3)); 117
(1,(((2,((4,(6,7)),5)),3),8)); 114
(1,(((2,((6,7),8)),(4,5)),3)); 110
(1,((2,8),((3,(6,7)),(4,5)))); 100
(1,(2,(3,(4,(5,((6,8),7)))))); 97
(1,(2,((3,(6,7)),((4,8),5)))); 89
(1,((2,((6,7),8)),(3,(4,5)))); 87
(1,((2,((4,5),((6,8),7))),3)); 84
(1,(((2,(4,5)),((6,7),8)),3)); 83
(1,((2,(3,(4,5))),((6,7),8))); 82
(1,((2,(4,(5,((6,8),7)))),3)); 81
(1,(2,(3,((4,5),((6,8),7))))); 76
(1,(2,((3,((4,(6,7)),5)),8))); 75
(1,((2,3),((4,(6,7)),(5,8)))); 74
(1,((2,(4,(5,8))),(3,(6,7)))); 71
(1,(((2,8),(4,5)),(3,(6,7)))); 64
(1,(2,((3,(6,7)),((4,5),8)))); 58
(1,(((2,((4,(6,7)),5)),8),3)); 56
(1,((2,(3,8)),((4,(6,7)),5))); 56
(1,(((2,(4,5)),3),((6,7),8))); 54
(1,((2,3),(((4,(6,7)),8),5))); 53
(1,((2,3),(((4,(6,7)),5),8))); 50
(1,((2,((4,8),5)),(3,(6,7)))); 43
(1,((2,3),(4,(5,(6,(7,8)))))); 38
(1,((2,(4,5)),(3,((6,8),7)))); 36
(1,(((2,3),((4,(6,7)),5)),8)); 35
(1,((2,(3,(6,(7,8)))),(4,5))); 33
(1,(((2,8),(4,(5,(6,7)))),3)); 31
(1,((2,8),(3,((4,5),(6,7))))); 31
(1,(2,(3,((4,(5,8)),(6,7))))); 29
(1,(((2,8),((4,5),(6,7))),3)); 27
(1,((2,(3,(6,7))),(4,(5,8)))); 27
(1,((2,3),(4,(5,((6,8),7))))); 27
(1,(2,(3,(((4,8),(6,7)),5)))); 26
(1,((2,((4,5),8)),(3,(6,7)))); 25
(1,(2,(3,((4,(5,(6,7))),8)))); 25
(1,((2,3),((4,5),(6,(7,8))))); 24
(1,((2,((4,(5,8)),(6,7))),3)); 22
(1,(2,((3,5),(4,((6,7),8))))); 22
(1,((2,(((4,8),(6,7)),5)),3)); 20
(1,((2,((3,(6,7)),(4,5))),8)); 20
(1,(2,(3,(((4,8),5),(6,7))))); 20
(1,((2,(((4,8),5),(6,7))),3)); 19
(1,((2,(3,((6,8),7))),(4,5))); 18
(1,(2,(((3,(6,7)),8),(4,5)))); 18
(1,((2,8),(3,(4,(5,(6,7)))))); 17
(1,(((2,3),(4,5)),((6,7),8))); 16
(1,(((2,((6,7),8)),3),(4,5))); 15
(1,((2,3),((4,5),((6,8),7)))); 15
(1,((2,((4,5),(6,7))),(3,8))); 14
(1,((2,((4,(5,(6,7))),8)),3)); 13
(1,((2,(3,(6,7))),((4,8),5))); 13
(1,((2,(6,(7,8))),(3,(4,5)))); 13
(1,(2,(3,(4,((5,8),(6,7)))))); 13
(1,((2,(4,(5,(6,7)))),(3,8))); 12
(1,(2,((3,(4,5)),(6,(7,8))))); 12
(1,((2,(4,((6,7),8))),(3,5))); 11
(1,((2,3),(((4,8),(6,7)),5))); 11
(1,(((2,((6,8),7)),(4,5)),3)); 10
(1,(((2,(4,(5,(6,7)))),3),8)); 10
(1,(((2,3),((6,7),8)),(4,5))); 10
(1,(((2,8),(3,(6,7))),(4,5))); 10
(1,(((2,(4,5)),3),(6,(7,8)))); 9
(1,(2,((3,8),((4,5),(6,7))))); 9
(1,(2,(3,(4,((5,(6,7)),8))))); 9
(1,(((2,(4,((6,7),8))),5),3)); 8
(1,(((2,(6,(7,8))),(4,5)),3)); 8
(1,(((2,8),3),(4,(5,(6,7))))); 8
(1,((2,(3,(4,5))),(6,(7,8)))); 8
(1,((2,3),((4,(5,8)),(6,7)))); 8
(1,(2,((3,(4,((6,7),8))),5))); 8
(1,(((2,(3,(6,7))),(4,5)),8)); 7
(1,(((2,(4,5)),(3,(6,7))),8)); 7
(1,(((2,(4,5)),8),(3,(6,7)))); 7
(1,((2,(((4,5),8),(6,7))),3)); 7
(1,((2,((4,8),(5,(6,7)))),3)); 7
(1,((2,(3,(4,(5,8)))),(6,7))); 7
(1,((2,(3,(4,5))),((6,8),7))); 7
(1,((2,(4,((5,8),(6,7)))),3)); 7
(1,((2,(4,5)),((3,(6,7)),8))); 7
(1,(2,(3,(((4,5),(6,7)),8)))); 7
(1,(((2,(4,5)),(6,(7,8))),3)); 6
(1,((2,(((4,5),(6,7)),8)),3)); 6
(1,((2,((3,(6,7)),8)),(4,5))); 6
(1,((2,3),(((4,5),8),(6,7)))); 6
(1,((2,8),((3,(4,5)),(6,7)))); 6
(1,(2,(((3,(6,7)),(4,5)),8))); 6
(1,(2,((3,5),(4,((6,8),7))))); 6
(1,(2,((3,8),(4,(5,(6,7)))))); 6
(1,(((2,((4,5),(6,7))),8),3)); 5
(1,(((2,3),8),((4,(6,7)),5))); 5
(1,((2,(4,((5,(6,7)),8))),3)); 5
(1,((2,3),(((4,8),5),(6,7)))); 5
(1,(2,(((3,8),(6,7)),(4,5)))); 5
(1,(2,((3,5),(4,(6,(7,8)))))); 5
(1,(((2,(4,5)),3),((6,8),7))); 4
(1,(((2,5),(4,((6,7),8))),3)); 4
(1,(((2,8),3),((4,5),(6,7)))); 4
(1,((2,(3,((4,5),(6,7)))),8)); 4
(1,((2,(6,7)),(3,((4,8),5)))); 4
(1,((2,3),((4,(5,(6,7))),8))); 4
(1,(2,(3,(((4,5),8),(6,7))))); 4
(1,(2,(3,((4,8),(5,(6,7)))))); 4
(1,(((2,((4,5),(6,7))),3),8)); 3
(1,(((2,(4,(5,(6,7)))),8),3)); 3
(1,(((2,(6,(7,8))),3),(4,5))); 3
(1,(((2,3),(4,5)),(6,(7,8)))); 3
(1,((2,(3,(6,7))),((4,5),8))); 3
(1,((2,(6,7)),(3,(4,(5,8))))); 3
(1,(2,((3,(4,(6,(7,8)))),5))); 3
(1,((((2,8),(4,(6,7))),5),3)); 2
(1,((((2,8),(4,5)),3),(6,7))); 2
(1,(((2,((4,8),5)),(6,7)),3)); 2
(1,(((2,(3,(4,5))),(6,7)),8)); 2
(1,(((2,(4,((6,7),8))),3),5)); 2
(1,(((2,(4,(6,(7,8)))),5),3)); 2
(1,(((2,(4,5)),((6,8),7)),3)); 2
(1,(((2,(6,7)),((4,8),5)),3)); 2
(1,(((2,(6,7)),(4,(5,8))),3)); 2
(1,(((2,4),5),(3,((6,8),7)))); 2
(1,(((2,5),(4,(6,(7,8)))),3)); 2
(1,(((2,8),(3,(4,5))),(6,7))); 2
(1,(((2,8),(6,7)),(3,(4,5)))); 2
(1,((2,((4,(6,7)),8)),(3,5))); 2
(1,((2,((6,8),7)),(3,(4,5)))); 2
(1,((2,3),(4,((5,8),(6,7))))); 2
(1,((2,5),(3,(4,(6,(7,8)))))); 2
(1,(2,(((3,5),4),((6,7),8)))); 2
(1,(2,((3,((4,8),5)),(6,7)))); 2
(1,(2,((3,(4,(5,(6,7)))),8))); 2
(1,((((2,(3,(6,7))),5),8),4)); 1
(1,((((2,8),(4,5)),(6,7)),3)); 1
(1,((((2,8),3),(4,5)),(6,7))); 1
(1,((((2,8),5),(4,(6,7))),3)); 1
(1,(((2,((4,5),8)),(6,7)),3)); 1
(1,(((2,(3,(6,7))),8),(4,5))); 1
(1,(((2,(6,7)),(3,8)),(4,5))); 1
(1,(((2,(6,7)),3),((4,5),8))); 1
(1,(((2,(6,7)),3),(4,(5,8)))); 1
(1,(((2,3),(4,(5,(6,7)))),8)); 1
(1,(((2,5),(4,((6,8),7))),3)); 1
(1,((2,((6,7),8)),((3,4),5))); 1
(1,((2,((6,7),8)),((3,5),4))); 1
(1,((2,(3,(4,((6,7),8)))),5)); 1
(1,((2,(3,(4,(6,(7,8))))),5)); 1
(1,((2,(3,8)),(4,(5,(6,7))))); 1
(1,((2,(4,5)),((3,8),(6,7)))); 1
(1,((2,(5,8)),((3,(6,7)),4))); 1
(1,((2,3),(((4,5),(6,7)),8))); 1
(1,((2,3),((4,8),(5,(6,7))))); 1
(1,(2,(((3,((6,7),8)),4),5))); 1
(1,(2,(((3,5),(4,(6,7))),8))); 1
(1,(2,(((3,8),(4,5)),(6,7)))); 1
(1,(2,((3,((4,5),8)),(6,7)))); 1
(1,(2,((3,(4,(6,7))),(5,8)))); 1
(1,(2,((3,(4,5)),((6,8),7)))); 1
