translate
       1 Scer,
       2 Spar,
       3 Smik,
       4 Skud,
       5 Sbay,
       6 Scas,
       7 Sklu,
       8 Calb;
(1,(2,((3,(6,(7,8))),(4,5)))); 39456
(1,(2,(3,((4,5),(6,(7,8)))))); 5358
(1,(2,((3,(4,5)),(6,(7,8))))); 1521
(1,(2,((3,((6,8),7)),(4,5)))); 999
(1,(2,(3,(4,(5,(6,(7,8))))))); 879
(1,(2,((3,((6,7),8)),(4,5)))); 568
(1,((2,(6,(7,8))),(3,(4,5)))); 475
(1,(2,(3,((4,(6,(7,8))),5)))); 236
(1,((2,(3,(4,5))),(6,(7,8)))); 149
(1,(2,(3,((4,5),((6,8),7))))); 108
(1,(2,(3,((4,5),((6,7),8))))); 56
(1,((2,(4,5)),(3,(6,(7,8))))); 35
(1,((2,(3,(6,(7,8)))),(4,5))); 28
(1,(2,((3,(4,5)),((6,8),7)))); 25
(1,(2,(3,(4,(5,((6,8),7)))))); 25
(1,(2,((3,(4,5)),((6,7),8)))); 22
(1,((2,((6,7),8)),(3,(4,5)))); 15
(1,((2,((6,8),7)),(3,(4,5)))); 11
(1,((2,3),((4,5),(6,(7,8))))); 9
(1,(2,(3,(4,(5,((6,7),8)))))); 8
(1,((2,(3,(4,5))),((6,7),8))); 4
(1,(((2,3),(4,5)),(6,(7,8)))); 3
(1,((2,(3,(4,5))),((6,8),7))); 3
(1,((2,3),((4,5),((6,8),7)))); 2
(1,(2,(3,((4,((6,8),7)),5)))); 2
(1,(((2,(6,(7,8))),3),(4,5))); 1
(1,((2,((4,5),(6,(7,8)))),3)); 1
(1,((2,(4,5)),(3,((6,7),8)))); 1
