translate
       1 Scer,
       2 Spar,
       3 Smik,
       4 Skud,
       5 Sbay,
       6 Scas,
       7 Sklu,
       8 Calb;
(1,((2,(3,(4,5))),(6,(7,8)))); 16161
(1,((2,(6,(7,8))),(3,(4,5)))); 9831
(1,((2,(3,(4,5))),((6,8),7))); 4997
(1,((2,((6,8),7)),(3,(4,5)))); 3362
(1,(2,((3,(4,5)),(6,(7,8))))); 3361
(1,(2,(3,(4,(5,(6,(7,8))))))); 3170
(1,((2,(3,(4,5))),((6,7),8))); 2026
(1,((2,((6,7),8)),(3,(4,5)))); 1400
(1,(2,((3,(4,5)),((6,8),7)))); 1074
(1,(2,(3,(4,(5,((6,8),7)))))); 915
(1,(2,((3,(6,(7,8))),(4,5)))); 849
(1,(2,(3,(4,(5,((6,7),8)))))); 510
(1,(2,((3,(4,5)),((6,7),8)))); 492
(1,(2,(3,((4,5),(6,(7,8)))))); 356
(1,(2,((3,((6,8),7)),(4,5)))); 318
(1,((2,(3,(4,(5,8)))),(6,7))); 273
(1,(2,(3,((4,5),((6,8),7))))); 124
(1,(2,((3,((6,7),8)),(4,5)))); 123
(1,((2,((3,8),(4,5))),(6,7))); 99
(1,((2,(3,((4,8),5))),(6,7))); 99
(1,((2,(3,((4,5),8))),(6,7))); 87
(1,(2,(3,((4,5),((6,7),8))))); 61
(1,((2,(6,7)),(3,(4,(5,8))))); 54
(1,((2,((3,(4,5)),8)),(6,7))); 53
(1,((2,(6,7)),(3,((4,8),5)))); 27
(1,(2,((3,(4,(5,8))),(6,7)))); 23
(1,((2,(6,7)),(3,((4,5),8)))); 22
(1,(2,(3,((4,(6,(7,8))),5)))); 17
(1,((2,(6,7)),((3,8),(4,5)))); 16
(1,((2,(6,7)),((3,(4,5)),8))); 12
(1,(((2,(3,(4,5))),(6,7)),8)); 11
(1,(((2,8),(3,(4,5))),(6,7))); 10
(1,(2,((3,((4,8),5)),(6,7)))); 10
(1,(((2,(3,(4,5))),8),(6,7))); 9
(1,(2,(((3,8),(4,5)),(6,7)))); 8
(1,(2,(3,((4,((6,8),7)),5)))); 8
(1,(2,(((3,(4,5)),8),(6,7)))); 5
(1,(2,((3,4),(5,(6,(7,8)))))); 4
(1,(2,(3,(4,((5,(6,7)),8))))); 3
(1,((2,8),(3,(4,(5,(6,7)))))); 2
(1,(2,((3,((4,5),8)),(6,7)))); 2
(1,(2,((3,(5,(6,(7,8)))),4))); 2
(1,(2,((3,4),(5,((6,7),8))))); 2
(1,(2,(3,(4,((5,8),(6,7)))))); 2
(1,(((2,(6,7)),8),(3,(4,5)))); 1
(1,((2,(6,(7,8))),((3,5),4))); 1
(1,((2,8),((3,(4,5)),(6,7)))); 1
(1,(2,(((3,4),5),(6,(7,8))))); 1
(1,(2,((3,(6,7)),((4,5),8)))); 1
(1,(2,((3,4),(5,((6,8),7))))); 1
(1,(2,((3,8),(4,(5,(6,7)))))); 1
(1,(2,(3,(((4,5),8),(6,7))))); 1
(1,(2,(3,((4,((6,7),8)),5)))); 1
(1,(2,(3,((4,8),(5,(6,7)))))); 1
