translate
       1 Scer,
       2 Spar,
       3 Smik,
       4 Skud,
       5 Sbay,
       6 Scas,
       7 Sklu,
       8 Calb;
(1,((2,(3,(4,5))),(6,(7,8)))); 42931
(1,((2,(3,(4,5))),((6,8),7))); 4321
(1,(2,(3,(4,(5,(6,(7,8))))))); 1671
(1,((2,(3,(4,5))),((6,7),8))); 518
(1,((2,(6,(7,8))),(3,(4,5)))); 210
(1,(2,(3,(4,(5,((6,8),7)))))); 197
(1,(2,((3,(4,5)),(6,(7,8))))); 66
(1,(2,(3,(4,(5,((6,7),8)))))); 25
(1,((2,((6,8),7)),(3,(4,5)))); 19
(1,(2,((3,(6,(7,8))),(4,5)))); 19
(1,(2,(3,((4,(6,(7,8))),5)))); 5
(1,(2,((3,(4,5)),((6,8),7)))); 4
(1,(2,(3,((4,5),(6,(7,8)))))); 4
(1,((2,((6,7),8)),(3,(4,5)))); 3
(1,(2,((3,((6,8),7)),(4,5)))); 3
(1,(2,(3,((4,((6,8),7)),5)))); 2
(1,(2,(3,((4,5),((6,8),7))))); 2
