translate
       1 Scer,
       2 Spar,
       3 Smik,
       4 Skud,
       5 Sbay,
       6 Scas,
       7 Sklu,
       8 Calb;
(1,(2,(3,(4,(5,(6,(7,8))))))); 24995
(1,(2,(3,(4,(5,((6,8),7)))))); 20713
(1,(2,(3,(4,(5,((6,7),8)))))); 4054
(1,(2,((3,4),(5,((6,8),7))))); 103
(1,(2,((3,4),(5,(6,(7,8)))))); 87
(1,(2,((3,4),(5,((6,7),8))))); 11
(1,(2,(3,((4,5),((6,8),7))))); 11
(1,(2,((3,(5,((6,8),7))),4))); 9
(1,(2,(3,((4,5),(6,(7,8)))))); 7
(1,(2,((3,(5,(6,(7,8)))),4))); 4
(1,(2,((3,((6,7),8)),(4,5)))); 2
(1,(2,((3,((6,8),7)),(4,5)))); 1
(1,(2,((3,(4,5)),((6,8),7)))); 1
(1,(2,(3,((4,((6,8),7)),5)))); 1
(1,(2,(3,((4,(6,(7,8))),5)))); 1
