translate
       1 Scer,
       2 Spar,
       3 Smik,
       4 Skud,
       5 Sbay,
       6 Scas,
       7 Sklu,
       8 Calb;
(1,(2,(3,(4,(5,(6,(7,8))))))); 36123
(1,(2,(3,(4,(5,((6,8),7)))))); 12670
(1,(2,(3,(4,(5,((6,7),8)))))); 676
(1,(2,(3,((4,5),(6,(7,8)))))); 404
(1,(2,(3,((4,5),((6,8),7))))); 86
(1,((2,3),(4,(5,(6,(7,8)))))); 14
(1,(2,(3,((4,(6,(7,8))),5)))); 7
(1,(2,(3,((4,5),((6,7),8))))); 4
(1,((2,(4,(5,(6,(7,8))))),3)); 3
(1,((2,3),(4,(5,((6,8),7))))); 3
(1,((2,(4,(5,((6,8),7)))),3)); 2
(1,(2,((3,(4,5)),((6,8),7)))); 2
(1,(2,((3,(5,((6,8),7))),4))); 2
(1,((2,3),((4,5),(6,(7,8))))); 1
(1,(2,((3,(4,5)),(6,(7,8))))); 1
(1,(2,((3,(6,(7,8))),(4,5)))); 1
(1,(2,(3,((4,((6,8),7)),5)))); 1
