translate
       1 Scer,
       2 Spar,
       3 Smik,
       4 Skud,
       5 Sbay,
       6 Scas,
       7 Sklu,
       8 Calb;
(1,(2,((3,(6,(7,8))),(4,5)))); 16201
(1,(2,((3,((6,7),8)),(4,5)))); 8480
(1,(2,(3,((4,5),(6,(7,8)))))); 5179
(1,(2,(3,(4,(5,(6,(7,8))))))); 4907
(1,(2,(3,((4,(6,(7,8))),5)))); 3253
(1,(2,(3,((4,5),((6,7),8))))); 2472
(1,(2,(3,(4,(5,((6,7),8)))))); 2323
(1,(2,((3,(4,5)),(6,(7,8))))); 1824
(1,(2,(3,((4,((6,7),8)),5)))); 1587
(1,(2,((3,((6,8),7)),(4,5)))); 1261
(1,(2,((3,(4,5)),((6,7),8)))); 971
(1,(2,(3,(4,(5,((6,8),7)))))); 464
(1,(2,(3,((4,5),((6,8),7))))); 407
(1,(2,(3,((4,((6,8),7)),5)))); 262
(1,(2,((3,(4,5)),((6,8),7)))); 107
(1,((2,(3,(4,5))),(6,(7,8)))); 56
(1,(2,(((3,(6,(7,8))),5),4))); 39
(1,((2,(6,(7,8))),(3,(4,5)))); 36
(1,(2,(((3,(6,(7,8))),4),5))); 35
(1,((2,((6,7),8)),(3,(4,5)))); 26
(1,(2,(((3,((6,7),8)),5),4))); 21
(1,(2,(((3,((6,7),8)),4),5))); 13
(1,((2,(3,(4,5))),((6,7),8))); 11
(1,(2,(((3,4),5),(6,(7,8))))); 11
(1,(2,(((3,5),4),(6,(7,8))))); 6
(1,(2,((3,(5,(6,(7,8)))),4))); 6
(1,(2,(((3,((6,8),7)),5),4))); 5
(1,(2,((3,4),(5,((6,7),8))))); 5
(1,(2,((3,4),(5,(6,(7,8)))))); 5
(1,(2,(((3,((6,8),7)),4),5))); 3
(1,(2,(((3,4),5),((6,7),8)))); 3
(1,(2,((3,(4,(6,(7,8)))),5))); 3
(1,(2,((3,(5,((6,7),8))),4))); 3
(1,(2,((3,5),(4,(6,(7,8)))))); 3
(1,(2,(((3,5),4),((6,7),8)))); 2
(1,(2,((3,(4,((6,7),8))),5))); 2
(1,((2,((3,4),5)),(6,(7,8)))); 1
(1,((2,((6,8),7)),(3,(4,5)))); 1
(1,((2,(3,(4,5))),((6,8),7))); 1
(1,((2,8),(3,(4,(5,(6,7)))))); 1
(1,(2,((3,(6,7)),((4,8),5)))); 1
(1,(2,((3,5),(4,((6,7),8))))); 1
(1,(2,((3,5),(4,((6,8),7))))); 1
(1,(2,(3,(((4,8),5),(6,7))))); 1
