translate
       1 Scer,
       2 Spar,
       3 Smik,
       4 Skud,
       5 Sbay,
       6 Scas,
       7 Sklu,
       8 Calb;
(1,(2,((3,((6,7),8)),(4,5)))); 13440
(1,(2,(((3,8),(4,5)),(6,7)))); 6053
(1,((2,((3,8),(4,5))),(6,7))); 5323
(1,((2,(6,7)),((3,8),(4,5)))); 4426
(1,(2,((3,(4,5)),((6,7),8)))); 3425
(1,((2,(3,(4,5))),((6,7),8))); 1720
(1,(2,((3,(4,5)),((6,8),7)))); 1575
(1,((2,((6,7),8)),(3,(4,5)))); 1470
(1,(2,(((3,8),(6,7)),(4,5)))); 1450
(1,((2,(3,(4,5))),((6,8),7))); 1260
(1,((2,((6,8),7)),(3,(4,5)))); 1133
(1,(2,((3,((6,8),7)),(4,5)))); 1101
(1,((2,(3,((4,8),5))),(6,7))); 1011
(1,(2,((3,((4,8),5)),(6,7)))); 992
(1,((2,(6,7)),(3,((4,8),5)))); 875
(1,(2,((3,((4,5),8)),(6,7)))); 601
(1,(2,(((3,(4,5)),8),(6,7)))); 463
(1,((2,(3,((4,5),8))),(6,7))); 460
(1,(2,(((3,(6,7)),8),(4,5)))); 449
(1,((2,((3,(4,5)),8)),(6,7))); 361
(1,((2,(6,7)),(3,((4,5),8)))); 356
(1,((2,(3,(4,(5,8)))),(6,7))); 334
(1,(2,((3,(4,(5,8))),(6,7)))); 317
(1,((2,(6,7)),((3,(4,5)),8))); 284
(1,((2,(6,7)),(3,(4,(5,8))))); 257
(1,(2,(3,((4,((6,7),8)),5)))); 99
(1,(2,((3,(6,7)),((4,8),5)))); 81
(1,(2,(3,((4,5),((6,7),8))))); 60
(1,(2,((3,8),((4,(6,7)),5)))); 56
(1,(2,((3,(6,7)),((4,5),8)))); 45
(1,(((2,(3,(4,5))),(6,7)),8)); 34
(1,(2,(((3,(6,7)),(4,5)),8))); 34
(1,((2,((3,(4,5)),(6,7))),8)); 30
(1,((2,8),((3,(4,5)),(6,7)))); 30
(1,(2,(((3,((6,7),8)),4),5))); 29
(1,(2,((3,(6,7)),(4,(5,8))))); 28
(1,(2,((3,8),((4,5),(6,7))))); 27
(1,(((2,8),(3,(4,5))),(6,7))); 24
(1,(((2,(6,7)),(3,(4,5))),8)); 20
(1,(((2,8),(6,7)),(3,(4,5)))); 20
(1,(2,(((3,(4,5)),(6,7)),8))); 18
(1,(((2,(6,7)),8),(3,(4,5)))); 17
(1,(2,((3,(4,5)),(6,(7,8))))); 17
(1,(((2,(3,(4,5))),8),(6,7))); 15
(1,(2,(3,((4,((6,8),7)),5)))); 15
(1,(2,(3,((4,5),((6,8),7))))); 13
(1,((2,(((3,8),4),5)),(6,7))); 12
(1,((2,(((3,8),5),4)),(6,7))); 9
(1,((2,(3,(4,5))),(6,(7,8)))); 9
(1,((2,(6,7)),(((3,8),4),5))); 7
(1,((2,(6,7)),(((3,8),5),4))); 7
(1,(2,(3,(4,(5,((6,7),8)))))); 7
(1,(2,((3,((4,(6,7)),5)),8))); 6
(1,(2,((((3,8),4),5),(6,7)))); 5
(1,(2,((((3,8),5),4),(6,7)))); 5
(1,(2,((3,(6,(7,8))),(4,5)))); 5
(1,(2,((3,8),(4,(5,(6,7)))))); 5
(1,((2,((6,7),8)),((3,4),5))); 4
(1,((2,(6,(7,8))),(3,(4,5)))); 4
(1,((2,8),((3,(6,7)),(4,5)))); 4
(1,(2,(((3,((6,7),8)),5),4))); 4
(1,(2,(((3,5),4),((6,7),8)))); 4
(1,(2,(3,(((4,(6,7)),8),5)))); 4
(1,(2,(3,(((4,8),(6,7)),5)))); 4
(1,((2,(((3,4),5),8)),(6,7))); 3
(1,((2,(((3,5),4),8)),(6,7))); 3
(1,((2,(6,7)),((3,4),(5,8)))); 3
(1,(2,(((3,5),(4,8)),(6,7)))); 3
(1,((2,((3,(6,7)),(4,5))),8)); 2
(1,((2,((3,4),(5,8))),(6,7))); 2
(1,((2,((3,4),5)),((6,7),8))); 2
(1,((2,((6,7),8)),((3,5),4))); 2
(1,(2,((((3,8),(6,7)),4),5))); 2
(1,(2,(((3,(4,8)),5),(6,7)))); 2
(1,(2,(((3,4),5),((6,8),7)))); 2
(1,(2,(3,(((4,8),5),(6,7))))); 2
(1,(((2,8),(6,7)),((3,4),5))); 1
(1,((2,((3,(4,8)),5)),(6,7))); 1
(1,((2,((3,4),5)),((6,8),7))); 1
(1,((2,((3,5),4)),((6,7),8))); 1
(1,((2,(6,7)),(((3,5),4),8))); 1
(1,(2,((((3,(6,7)),8),5),4))); 1
(1,(2,((((3,5),4),8),(6,7)))); 1
(1,(2,((((3,5),8),4),(6,7)))); 1
(1,(2,(((3,((6,8),7)),4),5))); 1
(1,(2,(((3,(4,8)),(6,7)),5))); 1
(1,(2,(((3,(5,8)),4),(6,7)))); 1
(1,(2,(((3,(6,7)),(4,8)),5))); 1
(1,(2,(((3,4),(5,8)),(6,7)))); 1
(1,(2,((3,(4,((6,7),8))),5))); 1
(1,(2,((3,5),(4,((6,7),8))))); 1
(1,(2,(3,(((4,(6,7)),5),8)))); 1
(1,(2,(3,(((4,5),(6,7)),8)))); 1
(1,(2,(3,((4,(6,(7,8))),5)))); 1
(1,(2,(3,(4,(5,((6,8),7)))))); 1
