translate
       1 Scer,
       2 Spar,
       3 Smik,
       4 Skud,
       5 Sbay,
       6 Scas,
       7 Sklu,
       8 Calb;
(1,(2,(3,(4,(5,(6,(7,8))))))); 26552
(1,(2,(3,((4,(6,(7,8))),5)))); 20463
(1,(2,(3,(4,(5,((6,8),7)))))); 824
(1,(2,(3,((4,((6,8),7)),5)))); 604
(1,(2,(3,(4,(5,((6,7),8)))))); 509
(1,(2,(3,((4,5),(6,(7,8)))))); 482
(1,(2,(3,((4,((6,7),8)),5)))); 285
(1,((2,(4,(5,(6,(7,8))))),3)); 141
(1,((2,((4,(6,(7,8))),5)),3)); 90
(1,(2,(3,((4,5),((6,7),8))))); 12
(1,(2,(3,((4,5),((6,8),7))))); 9
(1,(2,((3,(6,(7,8))),(4,5)))); 7
(1,((2,(4,(5,((6,8),7)))),3)); 4
(1,(2,((3,(4,5)),(6,(7,8))))); 3
(1,((2,((4,((6,8),7)),5)),3)); 2
(1,((2,((4,5),(6,(7,8)))),3)); 2
(1,(2,((3,((4,(6,7)),5)),8))); 2
(1,(2,((3,8),(4,(5,(6,7)))))); 2
(1,(2,(3,((4,(5,(6,7))),8)))); 2
(1,((2,(4,(5,((6,7),8)))),3)); 1
(1,(2,((3,8),((4,(6,7)),5)))); 1
(1,(2,(3,(((4,(6,7)),5),8)))); 1
(1,(2,(3,((4,8),(5,(6,7)))))); 1
(1,(2,(3,(4,((5,(6,7)),8))))); 1
