translate
       1 Scer,
       2 Spar,
       3 Smik,
       4 Skud,
       5 Sbay,
       6 Scas,
       7 Sklu,
       8 Calb;
(1,(2,(3,(4,(5,(6,(7,8))))))); 36086
(1,(2,(3,(4,(5,((6,8),7)))))); 10235
(1,(2,(3,(4,(5,((6,7),8)))))); 3570
(1,(2,((3,(6,(7,8))),(4,5)))); 48
(1,(2,((3,((6,8),7)),(4,5)))); 22
(1,(2,(3,((4,5),(6,(7,8)))))); 12
(1,(2,((3,(4,5)),(6,(7,8))))); 7
(1,(2,((3,((6,7),8)),(4,5)))); 4
(1,(2,(3,((4,5),((6,8),7))))); 4
(1,((2,(3,(4,5))),(6,(7,8)))); 3
(1,(2,((3,4),(5,(6,(7,8)))))); 2
(1,((2,(3,(4,5))),((6,7),8))); 1
(1,(2,((3,(4,5)),((6,7),8)))); 1
(1,(2,((3,(5,(6,(7,8)))),4))); 1
(1,(2,((3,4),(5,((6,8),7))))); 1
(1,(2,(3,((4,(6,(7,8))),5)))); 1
(1,(2,(3,((4,5),((6,7),8))))); 1
(1,(2,(3,(4,((5,(6,7)),8))))); 1
