translate
       1 Scer,
       2 Spar,
       3 Smik,
       4 Skud,
       5 Sbay,
       6 Scas,
       7 Sklu,
       8 Calb;
(1,(2,(3,(4,(5,(6,(7,8))))))); 32605
(1,(2,((3,4),(5,(6,(7,8)))))); 11211
(1,(2,(3,((4,(6,(7,8))),5)))); 3180
(1,(2,(3,((4,5),(6,(7,8)))))); 1321
(1,(2,((3,(4,5)),(6,(7,8))))); 868
(1,(2,((3,(5,(6,(7,8)))),4))); 241
(1,(2,((3,(6,(7,8))),(4,5)))); 162
(1,(2,((3,5),(4,(6,(7,8)))))); 139
(1,(2,((3,(4,(6,(7,8)))),5))); 122
(1,(2,(((3,4),5),(6,(7,8))))); 78
(1,(2,(((3,4),(6,(7,8))),5))); 55
(1,(2,(((3,5),4),(6,(7,8))))); 6
(1,(2,(((3,5),(6,(7,8))),4))); 2
(1,(2,((3,4),(5,((6,7),8))))); 2
(1,(2,((3,4),(5,((6,8),7))))); 2
(1,(2,(3,(4,(5,((6,7),8)))))); 2
(1,((2,(6,(7,8))),((3,4),5))); 1
(1,(2,(((3,(6,(7,8))),4),5))); 1
(1,(2,((3,(5,((6,8),7))),4))); 1
(1,(2,(3,(4,(5,((6,8),7)))))); 1
